0 12 2
0 6 14
0 13 10
0 15 2
0 15 7
0 13 11
0 16 8
0 15 6
0 1 15
0 8 1
0 14 6
0 14 12
0 7 1
0 3 14
0 9 11
0 14 10
0 12 9
0 16 6
0 5 4
0 5 2
0 5 3
0 4 16
0 4 7
0 14 5
0 4 2
0 10 12
0 8 10
0 2 6
0 8 10
0 5 9
0 7 10
0 7 14
0 4 13
0 11 1
0 3 1
0 10 4
0 7 8
0 10 4
0 4 9
0 8 3
0 6 14
0 6 10
0 12 5
0 2 7
0 10 12
0 9 12
0 15 5
0 4 9
0 8 4
0 2 16
0 14 3
0 8 9
0 15 7
0 2 1
0 2 10
0 2 4
0 8 7
0 16 2
0 3 15
0 15 9
0 16 2
0 14 5
0 6 7
0 6 8
0 5 1
0 10 8
0 12 13
0 4 9
0 8 12
0 13 11
0 9 15
0 10 8
0 3 8
0 12 15
0 15 5
0 9 15
0 11 8
0 9 5
0 11 16
0 14 6
0 15 10
0 4 10
0 5 14
0 10 12
0 11 12
0 6 4
0 7 11
0 3 6
0 5 8
0 11 14
0 5 8
0 8 4
0 8 15
0 1 7
0 10 12
0 11 12
0 8 3
0 11 4
0 2 12
0 15 3
0 9 13
0 9 8
0 13 6
0 12 14
0 12 2
0 7 4
0 13 6
0 6 9
0 5 3
0 12 10
0 7 6
0 2 16
0 14 16
0 16 8
0 11 2
0 6 1
0 1 2
0 14 4
0 1 13
0 12 11
0 8 3
0 13 4
0 2 4
0 8 10
0 6 11
0 12 10
0 15 16
0 13 5
0 13 9
0 5 4
0 10 16
0 3 15
0 1 11
0 5 6
0 5 9
0 7 16
0 16 7
0 12 11
0 9 6
0 8 10
0 8 1
0 7 11
0 14 8
0 14 16
0 3 6
0 15 6
0 4 14
0 16 7
0 5 15
0 16 6
0 5 4
0 2 10
0 9 11
0 2 1
0 11 9
0 14 5
0 5 9
0 1 8
0 11 1
0 3 10
0 2 10
0 3 9
0 3 12
0 2 12
0 6 2
0 8 13
0 13 7
0 3 4
0 9 10
0 7 9
0 7 16
0 1 14
0 9 6
0 2 3
0 6 14
0 2 8
0 8 15
0 9 14
0 15 16
0 11 15
0 3 10
0 16 6
0 8 9
0 14 15
0 14 9
0 9 14
0 1 7
0 10 2
0 6 14
0 4 6
0 15 5
0 8 9
0 8 15
0 10 5
0 15 9
0 1 6
0 15 7
0 15 3
0 9 5
0 3 2
0 6 9
0 11 13
0 7 13
0 5 13
0 1 5
0 15 5
0 14 8
0 9 7
0 4 9
0 12 9
0 5 16
0 7 2
0 8 10
0 6 14
0 1 14
0 6 10
0 8 13
0 8 7
0 15 6
0 5 13
0 7 16
0 1 11
0 1 13
0 5 8
0 6 7
0 2 4
0 13 4
0 15 14
0 13 2
0 15 4
0 12 1
0 6 5
0 15 14
0 5 15
0 8 7
0 16 1
0 10 12
0 11 5
0 11 6
0 9 16
0 11 4
0 9 2
0 8 13
0 4 1
0 14 16
0 13 9
0 8 12
0 2 13
0 9 12
0 7 10
0 12 16
0 6 16
0 13 9
0 7 8
0 8 11
0 15 8
0 14 9
0 5 14
0 2 13
0 8 13
0 7 12
0 6 1
0 9 11
0 1 6
0 8 12
0 1 7
0 1 13
0 1 7
0 6 13
0 13 8
0 7 13
0 10 6
0 7 13
0 9 2
0 8 1
0 9 14
0 6 12
0 6 1
0 3 16
0 12 3
0 9 8
0 7 11
0 16 2
0 5 13
0 4 1
0 15 14
0 7 4
0 3 7
0 13 15
0 9 13
0 13 6
0 5 8
0 9 7
0 9 5
0 7 16
0 4 8
0 16 1
0 16 8
0 4 3
0 3 1
0 13 2
0 3 7
0 13 11
0 10 4
0 13 4
0 8 16
0 15 5
0 16 8
0 1 16
0 7 14
0 15 13
0 9 1
0 15 10
0 8 12
0 16 11
0 4 2
0 6 11
0 1 3
0 1 15
0 12 13
0 4 11
0 2 12
0 9 5
0 1 4
0 3 15
0 2 9
0 14 4
0 13 15
0 12 3
0 14 3
0 5 15
0 5 3
0 16 13
0 7 8
0 16 15
0 2 3
0 4 9
0 13 8
0 3 15
0 2 12
0 8 7
0 9 1
0 6 14
0 1 4
0 8 12
0 14 3
0 14 16
0 4 6
0 15 10
0 14 3
0 2 16
0 6 1
0 4 13
0 4 13
0 1 6
0 11 10
0 16 3
0 6 3
0 3 16
0 4 6
0 6 15
0 3 14
0 8 11
0 11 10
0 2 9
0 2 1
0 14 16
0 3 14
0 5 3
0 13 2
0 6 4
0 16 11
0 13 12
0 8 2
0 11 5
0 14 4
0 5 2
0 8 14
0 5 4
0 5 1
0 9 5
0 16 11
0 5 15
0 9 16
0 4 1
0 14 10
0 12 13
0 10 2
0 2 5
0 14 7
0 11 13
0 11 6
0 13 3
0 4 1
0 4 7
0 14 8
0 7 11
0 13 1
0 11 3
0 16 1
0 8 2
0 8 4
0 3 5
0 2 8
0 9 15
0 15 13
0 14 12
0 5 15
0 10 9
0 14 2
0 13 7
0 12 11
0 11 16
0 5 8
0 3 7
0 8 16
0 2 7
0 14 11
0 13 7
0 11 14
0 8 15
0 3 5
0 12 4
0 2 6
0 14 13
0 8 13
0 5 15
0 11 12
0 9 10
0 15 11
0 10 9
0 16 2
0 15 10
0 13 14
0 5 6
0 13 16
0 13 14
0 1 16
0 14 10
0 15 12
0 14 16
0 6 8
0 7 15
0 3 15
0 5 7
0 3 14
0 2 3
0 12 1
0 16 14
0 5 1
0 6 11
0 16 6
0 16 4
0 2 16
0 4 13
0 9 5
0 6 8
0 6 14
0 6 4
0 9 1
0 3 14
0 14 1
0 5 8
0 8 2
0 7 15
0 8 14
0 9 13
0 15 3
0 2 1
0 11 13
0 7 14
0 14 2
0 10 11
0 3 7
0 8 2
0 1 13
0 6 16
0 5 14
0 5 4
0 6 13
0 2 3
0 6 1
0 4 16
0 5 12
0 14 6
0 16 3
0 2 14
0 2 11
0 7 13
0 10 11
0 5 11
0 9 11
0 11 15
0 13 6
0 8 10
0 14 16
0 2 15
0 5 9
0 9 7
0 7 15
0 9 13
0 12 4
1 4 2
1 6 15
2 10 5
2 13 9
3 7 3
3 9 16
4 7 15
4 6 13
5 15 6
6 7 15
7 3 15
7 14 7
8 14 3
8 8 15
9 6 7
9 10 8
10 4 1
10 8 10
11 3 9
11 16 13
12 13 2
13 3 10
13 10 8
14 16 7
14 1 4
15 6 4
15 14 8
16 9 5
16 9 12
17 2 4
17 9 16
18 7 5
18 16 6
19 5 15
19 8 9
20 16 7
20 14 11
21 9 6
21 4 14
22 4 5
22 9 16
23 7 5
23 1 5
24 7 8
24 13 2
25 8 3
25 15 14
26 4 11
26 11 12
27 6 2
27 12 13
28 15 14
28 9 15
29 6 13
29 12 14
30 14 5
30 12 5
31 7 6
31 16 11
32 9 5
32 16 8
33 10 4
33 16 13
34 3 16
34 1 7
35 8 11
36 16 8
36 9 15
37 2 9
37 13 7
38 2 16
38 1 9
39 14 9
39 5 2
40 1 14
40 6 5
41 3 1
41 11 3
42 1 14
42 3 5
43 13 8
43 13 15
44 14 4
44 10 6
45 5 3
45 14 10
46 11 12
46 5 3
47 10 9
47 3 5
48 12 16
48 6 8
49 8 7
49 5 14
50 6 7
50 2 1
51 12 2
51 8 9
52 2 6
52 3 8
53 4 7
53 8 13
54 9 10
54 15 1
55 5 12
55 9 4
56 15 9
56 5 1
57 10 15
58 9 10
58 15 7
59 6 9
60 15 9
60 12 7
61 9 16
62 5 1
62 6 8
63 4 14
64 2 10
64 6 14
65 5 3
66 10 14
66 9 1
67 12 1
68 8 6
68 16 11
69 10 5
69 4 13
70 13 7
70 13 9
71 11 15
71 9 6
72 10 15
72 11 6
73 7 11
74 13 11
74 10 16
75 7 14
75 7 14
76 13 16
76 6 14
77 6 9
78 3 4
78 7 3
79 16 5
79 11 10
80 10 11
80 9 13
81 5 1
81 12 14
82 11 13
83 1 4
83 8 11
84 8 15
84 7 9
85 7 12
85 7 9
86 13 7
87 12 13
88 1 5
88 7 10
89 9 14
90 13 1
90 10 5
91 6 1
91 11 5
92 5 12
92 15 3
93 13 14
93 15 7
94 14 10
94 1 15
95 4 5
95 10 7
96 10 2
96 11 8
97 10 9
98 2 10
98 13 5
99 1 15
99 15 14
100 4 13
101 5 7
101 11 4
102 2 16
102 4 6
103 8 16
103 14 12
104 14 15
104 16 1
105 12 1
105 15 13
106 4 13
107 2 3
107 12 10
108 7 8
108 16 9
109 13 3
109 3 1
110 14 12
110 12 7
111 14 6
111 1 9
112 11 12
112 8 16
113 3 11
113 10 1
114 12 2
114 3 16
115 4 12
115 13 10
116 14 3
116 8 11
117 11 13
117 16 2
118 15 6
118 9 12
119 1 8
119 6 13
120 5 6
121 16 14
121 1 11
122 1 5
122 16 9
123 8 6
123 10 1
124 16 1
124 3 10
125 8 7
125 3 14
126 6 11
126 7 15
127 15 5
127 7 13
128 15 6
128 1 4
129 6 2
129 7 15
130 12 10
130 13 9
131 1 6
131 3 6
132 16 4
132 14 4
133 9 12
133 8 10
134 14 16
134 14 8
135 15 8
135 4 3
136 5 8
137 11 15
137 9 14
138 12 8
138 8 11
139 9 12
139 15 9
140 13 14
140 12 6
141 9 11
141 8 1
142 16 3
142 8 5
143 10 11
143 5 6
144 10 11
144 15 9
145 4 7
146 16 4
146 10 4
147 4 15
148 4 6
148 1 8
149 1 13
149 3 16
150 8 10
150 13 11
151 10 1
151 7 11
152 8 10
152 10 8
153 3 15
153 11 12
154 1 15
154 13 14
155 3 16
155 1 14
156 13 16
156 5 13
157 12 8
157 16 1
158 10 9
159 3 13
160 15 2
161 11 3
161 1 2
162 11 7
162 13 11
163 7 9
163 6 11
164 9 13
164 13 1
165 7 8
165 4 2
166 15 11
166 5 8
167 8 16
167 7 5
168 14 13
168 6 3
169 6 9
169 15 1
170 5 9
170 13 3
171 6 13
171 4 14
172 13 16
172 7 11
173 14 7
173 9 14
174 9 14
174 4 8
175 16 2
176 8 13
176 10 6
177 7 5
177 12 11
178 15 2
178 15 8
179 13 16
179 1 3
180 7 14
181 4 3
181 8 9
182 12 9
182 12 10
183 14 16
183 14 2
184 11 8
184 8 4
185 6 8
185 15 5
186 1 15
186 5 2
187 14 7
188 15 12
189 4 8
189 2 15
190 14 6
190 10 15
191 11 5
191 11 16
192 5 10
192 9 3
193 11 8
193 6 15
194 3 13
194 11 9
195 13 6
196 15 6
197 7 14
197 13 2
198 1 2
198 8 4
199 16 8
199 15 7
200 1 11
200 12 7
201 11 14
201 4 16
202 11 8
202 10 11
203 1 14
203 12 8
204 9 12
204 7 8
205 9 13
205 7 11
206 8 12
206 13 12
207 2 13
207 7 3
208 13 2
208 14 7
209 5 15
209 3 4
210 4 16
210 5 1
211 9 4
211 3 7
212 13 6
213 14 9
213 16 11
214 12 11
214 12 14
215 4 1
215 1 12
216 7 12
216 14 16
217 4 2
217 5 1
218 9 10
218 15 10
219 1 13
219 3 14
220 3 9
220 13 10
221 7 4
221 11 4
222 13 8
222 6 8
223 11 8
224 14 3
224 13 5
225 16 10
225 15 7
226 6 11
226 2 8
227 6 16
227 8 7
228 1 14
228 14 11
229 6 4
229 5 3
230 10 7
230 6 10
231 9 10
231 3 9
232 1 5
232 2 14
233 6 13
233 9 15
234 9 7
234 5 3
235 12 16
235 8 9
236 10 8
236 1 12
237 9 15
237 11 10
238 1 9
238 10 15
239 3 11
239 6 10
240 12 3
240 12 10
241 5 14
242 3 16
242 4 3
243 16 2
243 11 5
244 12 3
244 14 1
245 10 16
245 6 7
246 12 11
246 2 9
247 7 12
247 9 8
248 7 1
249 6 1
250 14 13
250 3 13
251 7 9
251 14 4
252 14 15
252 16 3
253 4 3
253 7 15
254 11 15
254 7 3
255 16 14
255 15 11
256 16 2
257 3 7
257 14 7
258 6 9
258 16 13
259 2 13
259 9 7
260 9 4
260 9 6
261 16 12
262 3 4
262 5 1
263 14 13
263 7 5
264 9 3
264 7 4
265 7 12
265 14 16
266 9 12
266 1 7
267 6 5
267 2 9
268 3 5
268 5 3
269 6 2
269 13 16
270 7 9
270 14 13
271 2 3
271 9 8
272 1 11
272 2 7
273 9 14
273 3 5
274 7 15
274 7 6
275 8 4
276 8 4
276 10 14
277 2 15
277 7 12
278 1 4
278 1 3
279 4 15
279 9 1
280 9 13
280 11 8
281 12 8
281 12 13
282 8 15
282 3 10
283 10 2
283 1 10
284 16 13
284 4 10
285 15 5
285 4 2
286 6 13
286 5 11
287 9 10
287 2 14
288 3 2
289 1 12
289 3 11
290 3 6
291 15 2
291 4 12
292 2 16
292 4 16
293 1 2
293 5 6
294 9 8
294 10 7
295 8 3
295 9 16
296 5 2
297 13 12
297 11 6
298 1 13
298 14 12
299 10 16
299 13 14
300 11 10
300 12 9
301 2 14
301 7 5
302 4 9
302 13 12
303 16 11
304 1 15
304 2 12
305 13 14
305 5 12
306 4 8
306 10 1
307 15 12
307 14 8
308 1 12
308 4 8
309 6 1
309 7 10
310 14 13
310 14 15
311 13 12
311 16 2
312 1 2
312 8 7
313 16 3
313 15 6
314 7 2
314 11 10
315 10 5
315 1 12
316 12 14
316 13 5
317 5 2
317 13 6
318 11 14
319 6 4
319 10 7
320 10 7
320 12 5
321 16 8
321 5 10
322 4 14
322 4 7
323 14 3
323 14 7
324 16 14
324 15 6
325 7 11
325 8 6
326 6 4
326 16 8
327 13 7
327 9 14
328 1 9
328 12 15
329 12 10
329 8 11
330 6 11
331 13 1
331 9 7
332 11 10
332 5 13
333 2 3
333 1 4
334 10 3
334 9 13
335 10 1
335 3 12
336 13 4
336 15 9
337 1 3
337 6 8
338 7 13
338 11 6
339 3 8
339 10 6
340 10 15
340 1 2
341 5 11
341 12 5
342 15 12
342 7 5
343 1 10
344 14 6
344 10 8
345 16 14
345 8 7
346 2 13
346 15 6
347 2 15
347 1 11
348 9 10
348 12 9
349 9 10
350 2 10
350 4 11
351 4 10
351 1 8
352 7 9
352 16 2
353 6 9
353 8 1
354 9 10
354 10 16
355 1 12
355 12 16
356 11 10
357 11 4
357 3 6
358 5 12
358 8 6
359 11 9
359 2 10
360 10 11
360 14 10
361 8 7
361 4 13
362 10 7
362 10 5
363 5 6
363 13 12
364 1 8
364 3 7
365 8 15
365 16 5
366 11 4
366 1 5
367 16 10
368 7 9
368 15 1
369 12 2
369 4 16
370 9 4
370 4 15
371 1 15
371 8 11
372 14 4
372 1 9
373 3 1
373 16 14
374 6 5
374 12 9
375 7 11
375 12 8
376 3 10
376 2 9
377 2 6
377 14 2
378 8 12
379 9 16
380 9 10
380 15 4
381 10 16
381 2 15
382 4 11
382 2 14
383 2 6
383 9 5
384 14 8
384 5 9
385 2 11
385 7 12
386 9 6
387 9 15
387 4 1
388 10 13
388 2 13
389 8 16
390 14 16
390 2 10
391 8 1
391 3 8
392 5 10
392 3 14
393 4 14
393 3 8
394 16 15
394 15 16
395 6 9
395 8 5
396 2 8
396 10 12
397 11 9
397 5 11
398 8 3
398 15 2
399 10 5
399 13 9
400 9 8
400 5 10
401 13 15
401 10 15
402 9 3
402 10 3
403 4 2
403 16 14
404 7 9
404 16 12
405 5 12
405 15 8
406 12 6
406 8 9
407 10 8
407 3 9
408 14 15
408 3 11
409 2 15
409 5 16
410 7 6
410 3 13
411 7 5
411 6 11
412 10 4
412 14 13
413 9 2
413 15 1
414 9 8
414 2 14
415 1 5
415 12 2
416 8 15
416 8 12
417 16 6
417 12 3
418 7 4
418 10 9
419 6 16
419 3 13
420 12 3
420 7 14
421 12 4
421 4 3
422 4 2
422 8 7
423 1 14
423 12 2
424 15 9
424 11 16
425 1 6
425 9 11
426 2 15
426 12 1
427 11 6
427 14 6
428 16 14
428 14 7
429 14 4
429 7 6
430 13 2
430 13 15
431 14 13
431 9 3
432 8 14
432 10 15
433 6 13
433 8 12
434 3 12
434 6 1
435 11 6
436 3 15
436 4 7
437 14 1
437 11 4
438 10 8
438 7 10
439 3 1
440 15 2
440 1 12
441 3 16
441 16 9
442 6 8
442 14 12
443 8 15
444 1 16
444 14 11
445 12 16
445 2 3
446 1 7
446 7 3
447 12 1
447 10 13
448 7 16
448 10 14
449 15 6
450 5 8
450 11 8
451 4 13
451 13 2
452 12 7
452 3 1
453 8 10
453 15 13
454 3 12
454 11 5
455 15 6
455 6 8
456 4 16
456 4 8
457 10 15
458 6 14
458 5 15
459 15 13
459 6 11
460 16 11
460 7 9
461 10 3
461 1 14
462 9 6
463 11 12
463 1 11
464 12 2
464 15 3
465 14 7
465 3 13
466 11 7
466 5 13
467 11 12
467 7 2
468 11 1
468 7 3
469 5 3
469 11 14
470 7 9
470 7 14
471 9 16
471 14 8
472 6 1
472 4 1
473 14 15
473 16 6
474 2 11
474 14 6
475 15 7
475 2 5
476 4 1
476 3 7
477 10 5
477 9 12
478 12 1
478 1 3
479 12 1
479 11 2
480 4 10
480 14 3
481 13 11
482 4 7
482 11 12
483 14 4
483 2 12
484 10 4
485 7 12
486 7 11
487 14 16
487 14 4
488 11 3
488 3 10
489 15 11
489 12 7
490 10 5
490 3 5
491 8 13
491 10 12
492 5 8
492 12 11
493 7 15
493 8 7
494 8 15
494 9 11
495 9 15
495 3 15
496 5 15
496 5 9
497 1 6
497 7 9
498 14 5
498 16 8
499 16 2
499 3 13
500 12 5
500 16 3
501 9 5
501 10 15
502 5 3
502 5 1
503 4 8
503 2 5
504 16 6
504 3 13
505 8 12
505 7 6
506 8 1
506 7 2
507 5 11
507 8 11
508 15 14
508 4 12
509 9 8
509 9 10
510 12 6
510 7 12
511 12 5
511 11 14
512 13 11
512 13 6
513 9 3
513 13 15
514 7 16
514 2 12
515 11 8
515 2 3
516 5 8
516 8 3
517 14 12
517 2 5
518 6 16
518 5 11
519 2 8
519 13 16
520 14 7
520 9 4
521 5 13
522 14 8
522 2 3
523 1 13
523 6 1
524 7 5
524 16 1
525 15 3
525 10 14
526 11 3
526 4 13
527 8 13
527 6 4
528 3 14
528 6 12
529 4 2
529 5 11
530 10 8
530 14 10
531 4 13
531 13 12
532 1 11
532 5 16
533 1 4
533 15 13
534 7 15
534 9 7
535 5 4
535 3 15
536 4 8
536 11 15
537 12 4
537 15 5
538 10 3
538 9 4
539 6 9
539 2 12
540 13 9
540 5 7
541 6 15
541 13 10
542 10 9
542 10 3
543 7 12
544 15 1
544 16 10
545 15 8
545 10 12
546 16 5
546 4 6
547 12 15
547 16 7
548 5 7
548 13 3
549 3 2
549 10 12
550 4 9
550 14 11
551 12 13
551 6 11
552 11 15
552 15 9
553 14 11
553 4 9
554 9 1
554 12 1
555 10 13
556 12 11
556 4 10
557 1 2
557 15 7
558 12 11
558 11 16
559 7 2
559 7 4
560 2 6
560 10 12
561 6 13
562 7 9
563 7 13
563 9 11
564 2 13
564 9 10
565 1 12
565 5 1
566 2 12
566 5 13
567 7 2
567 13 15
568 1 4
568 6 7
569 10 8
569 4 11
570 2 7
570 1 8
571 7 10
571 12 16
572 5 16
573 4 7
573 10 12
574 14 5
574 2 10
575 11 6
575 15 14
576 4 2
576 7 16
577 10 3
577 7 12
578 2 9
578 2 16
579 7 14
579 7 5
580 6 5
581 7 3
581 3 16
582 15 7
582 5 6
583 1 7
583 15 7
584 3 15
584 2 4
585 6 13
585 5 14
586 3 1
586 13 12
587 16 14
587 8 15
588 3 10
588 6 13
589 7 10
589 9 1
590 14 7
590 1 16
591 11 7
591 15 12
592 15 16
592 9 2
593 5 16
593 13 6
594 3 8
594 13 8
595 12 6
595 8 11
596 6 4
596 4 11
597 15 7
597 6 10
598 2 14
598 10 15
599 13 15
599 5 1
600 10 13
600 12 14
601 7 9
601 1 12
602 11 1
602 3 14
603 14 2
603 5 14
604 8 4
605 2 16
606 14 15
606 2 13
607 15 13
607 12 9
608 14 11
608 16 15
609 4 2
609 13 2
610 16 2
610 3 8
611 3 7
611 6 9
612 12 3
612 6 8
613 1 16
613 11 16
614 9 7
614 16 5
615 11 2
615 5 13
616 12 2
616 4 16
617 2 13
618 16 12
618 9 13
619 1 3
619 11 14
620 14 9
621 2 7
621 1 5
622 9 1
622 9 5
623 1 6
623 11 3
624 12 15
624 1 12
625 15 5
625 2 10
626 6 13
626 13 9
627 8 6
627 12 6
628 16 10
628 12 7
629 16 1
629 11 15
630 5 3
630 11 4
631 7 15
631 16 8
632 2 13
633 10 13
633 16 15
634 15 13
635 11 1
635 16 4
636 4 2
636 8 16
637 15 5
637 6 16
638 2 8
638 14 2
639 8 6
639 13 10
640 11 4
640 1 14
641 12 4
641 7 3
642 5 11
642 2 1
643 6 11
643 14 9
644 6 1
644 16 10
645 12 2
646 14 9
646 14 6
647 12 10
647 6 10
648 3 8
648 11 13
649 16 11
649 9 13
650 16 15
651 10 15
651 11 8
652 1 10
652 2 13
653 7 8
653 1 15
654 4 2
655 6 16
656 10 8
656 8 6
657 10 7
657 1 9
658 3 14
658 13 16
659 6 3
659 7 5
660 1 4
660 15 12
661 15 3
661 15 16
662 10 1
662 7 14
663 3 11
663 4 8
664 7 15
664 3 15
665 16 12
665 3 10
666 7 16
666 16 7
667 3 12
667 2 1
668 5 12
668 1 10
669 3 10
669 4 14
670 1 4
670 16 10
671 4 7
672 4 9
672 15 16
673 8 13
673 6 15
674 13 16
674 4 14
675 16 8
675 6 10
676 4 6
676 1 10
677 1 13
678 16 7
678 4 10
679 4 13
679 14 13
680 15 10
680 5 1
681 11 1
681 13 10
682 13 12
682 6 4
683 12 16
683 10 1
684 2 11
684 12 6
685 10 13
685 6 5
686 8 14
686 8 5
687 16 15
687 4 2
688 10 16
688 4 1
689 11 1
689 11 15
690 5 8
690 11 8
691 7 5
691 1 12
692 5 4
692 7 11
693 12 15
694 13 4
694 16 4
695 13 15
695 2 15
696 16 1
696 16 6
697 10 2
697 15 12
698 7 16
698 13 16
699 5 15
700 10 6
700 8 15
701 4 7
701 15 4
702 15 14
702 2 7
703 14 13
703 2 15
704 13 6
704 10 9
705 8 4
705 11 13
706 15 10
706 15 6
707 4 6
707 3 7
708 4 11
708 12 16
709 13 15
709 8 10
710 16 12
710 11 13
711 2 3
711 10 4
712 6 12
713 3 6
713 3 15
714 14 11
714 14 16
715 15 1
715 10 8
716 13 5
716 2 16
717 14 8
717 12 13
718 4 10
718 15 1
719 6 12
719 10 6
720 4 13
720 14 8
721 9 8
721 9 8
722 10 13
722 6 12
723 1 13
723 3 10
724 7 16
724 10 14
725 15 9
725 11 2
726 4 12
726 5 10
727 8 5
728 3 15
729 5 4
729 8 1
730 6 2
730 5 9
731 6 7
731 15 2
732 8 15
732 13 9
733 1 15
733 16 3
734 15 8
734 9 15
735 15 11
735 15 12
736 4 9
736 5 13
737 7 3
737 10 3
738 4 1
738 10 16
739 4 10
740 7 8
740 11 16
741 7 5
742 10 14
742 10 16
743 16 14
743 1 7
744 5 14
744 6 11
745 13 6
745 10 8
746 14 15
746 9 5
747 13 5
747 15 4
748 8 12
748 8 1
749 1 13
750 5 16
750 15 1
751 12 2
751 11 4
752 2 9
752 6 7
753 4 6
753 8 15
754 12 4
754 12 10
755 13 16
755 3 16
756 6 3
756 10 12
757 13 12
758 3 2
758 9 14
759 7 15
759 13 4
760 5 16
760 5 8
761 3 4
761 4 14
762 15 1
762 12 8
763 1 3
763 11 3
764 7 10
764 14 3
765 11 12
765 5 3
766 11 9
766 15 6
767 16 7
768 8 1
768 8 12
769 14 16
770 3 10
770 9 4
771 16 15
771 5 2
772 16 13
772 11 2
773 15 11
773 15 7
774 15 11
774 14 6
775 4 9
776 7 13
776 4 3
777 1 9
777 6 11
778 16 7
778 16 8
779 6 16
780 9 7
780 7 1
781 2 8
782 16 8
782 10 13
783 12 16
783 11 8
784 11 1
784 16 6
785 6 1
785 3 2
786 14 6
786 8 7
787 12 7
787 7 11
788 5 10
788 8 11
789 3 13
789 4 12
790 10 16
790 15 8
791 14 11
791 4 5
792 2 1
792 9 7
793 3 10
793 10 3
794 13 14
795 6 11
795 11 9
796 16 5
797 14 15
797 2 12
798 7 9
798 8 6
799 11 10
799 5 8
800 11 3
800 14 13
801 1 16
802 3 12
802 7 2
803 3 15
804 5 13
805 12 15
805 7 5
806 2 15
806 15 13
807 5 7
807 3 12
808 14 5
809 4 13
809 2 13
810 16 14
810 4 7
811 3 15
811 16 10
812 1 3
812 2 12
813 3 6
813 1 5
814 14 8
814 10 6
815 14 3
815 2 11
816 4 9
816 6 10
817 15 9
817 4 16
818 9 10
818 14 10
819 6 10
819 6 7
820 13 9
821 1 12
821 11 14
822 14 10
822 1 3
823 12 1
823 8 1
824 12 2
824 11 9
825 12 7
825 11 15
826 6 1
826 14 3
827 11 6
827 5 9
828 3 8
829 10 8
829 3 2
830 5 12
830 11 8
831 4 13
831 13 12
832 6 1
832 4 8
833 4 10
833 7 16
834 5 10
834 9 5
835 8 9
835 12 1
836 3 12
836 2 16
837 4 5
837 9 2
838 2 8
838 3 4
839 7 11
839 14 13
840 10 15
840 8 3
841 9 8
842 15 6
843 6 5
843 11 4
844 14 1
844 3 15
845 11 4
845 14 2
846 5 11
846 7 14
847 13 7
847 4 16
848 4 11
849 3 9
849 3 11
850 2 4
851 5 16
851 13 16
852 6 3
852 3 8
853 6 1
854 14 11
854 10 5
855 11 13
855 10 4
856 6 15
856 16 9
857 16 4
857 2 12
858 6 16
858 9 1
859 15 2
859 11 8
860 5 2
860 2 10
861 4 10
861 1 6
862 16 8
862 14 7
863 1 15
863 6 9
864 8 16
865 15 16
865 1 15
866 15 3
866 6 2
867 12 8
867 6 5
868 2 10
868 15 6
869 6 14
869 8 7
870 12 1
870 15 9
871 12 11
871 2 7
872 2 7
872 1 3
873 13 4
873 13 3
874 14 8
875 13 12
875 8 4
876 10 1
877 13 11
877 10 9
878 14 7
878 2 6
879 15 13
879 7 1
880 15 16
880 15 3
881 14 13
881 5 13
882 1 11
882 15 4
883 8 5
884 8 5
884 16 12
885 2 11
885 12 6
886 10 13
886 14 2
887 8 1
887 12 10
888 5 14
888 3 8
889 11 9
890 13 11
890 1 11
891 9 10
891 3 9
892 15 6
892 16 14
893 5 10
893 4 2
894 4 8
894 5 2
895 4 14
895 12 5
896 14 15
896 1 8
897 10 12
897 11 13
898 15 12
898 6 9
899 4 15
899 16 8
900 15 14
900 10 9
901 7 3
901 9 8
902 5 6
903 8 6
903 2 7
904 12 7
904 15 4
905 10 11
906 13 10
906 2 1
907 7 5
907 11 2
908 3 13
908 13 2
909 1 6
909 8 1
910 9 16
910 14 7
911 14 3
911 16 9
912 8 1
912 11 14
913 5 2
913 12 8
914 5 9
914 13 1
915 6 15
915 12 15
916 6 2
916 8 6
917 7 2
917 7 2
918 10 14
918 14 15
919 10 8
920 3 12
920 12 11
921 13 12
921 11 10
922 4 9
923 14 10
924 5 15
924 9 1
925 5 4
925 1 10
926 12 10
926 2 7
927 11 3
928 12 16
928 14 1
929 8 12
929 13 11
930 11 12
930 1 3
931 12 15
931 1 7
932 16 7
932 3 2
933 14 15
934 13 11
934 10 15
935 13 2
935 5 11
936 3 4
936 1 2
937 12 10
937 14 11
938 8 3
939 6 10
939 6 13
940 16 1
940 8 5
941 9 6
941 11 4
942 4 16
942 4 2
943 9 11
943 14 15
944 10 1
944 11 12
945 12 11
945 12 11
946 10 4
946 8 1
947 13 10
947 15 7
948 2 10
949 8 14
949 14 1
950 7 4
950 9 11
951 9 5
951 16 9
952 10 5
952 16 10
953 6 14
953 11 15
954 3 8
954 15 5
955 16 4
955 15 1
956 4 14
957 13 15
957 6 4
958 4 13
958 10 2
959 16 3
959 11 9
960 7 6
960 2 13
961 13 16
961 10 7
962 8 13
962 7 2
963 9 12
963 9 7
964 3 1
964 8 16
965 12 9
965 8 9
966 4 6
966 7 6
967 9 7
967 15 9
968 16 1
968 7 16
969 8 15
970 12 4
970 4 12
971 3 11
971 8 16
972 4 9
972 12 15
973 2 10
973 3 12
974 1 4
974 4 10
975 4 7
976 10 5
976 6 1
977 10 9
978 3 4
979 4 11
979 6 12
980 2 6
980 15 4
981 5 1
981 9 4
982 1 15
982 6 10
983 6 13
983 5 11
984 2 14
985 15 8
986 14 15
986 8 13
987 2 6
987 15 14
988 14 7
988 3 2
989 5 16
989 16 7
990 5 1
991 5 2
991 4 6
992 1 5
992 1 16
993 8 10
993 16 14
994 6 13
994 1 7
995 7 6
995 15 13
996 11 9
996 7 14
997 16 8
997 15 12
998 8 7
998 13 15
999 13 3
999 2 13
1000 4 14
1001 1 6
1001 14 13
1002 13 8
1002 10 16
1003 11 13
1003 5 6
1004 3 11
1004 5 16
1005 14 3
1005 14 15
1006 9 8
1006 8 10
1007 13 8
1007 15 3
1008 1 7
1008 6 13
1009 3 15
1009 14 5
1010 1 15
1010 8 12
1011 8 1
1012 14 10
1012 6 7
1013 8 7
1013 14 12
1014 8 3
1014 7 11
1015 16 1
1015 9 5
1016 1 10
1017 8 14
1017 3 11
1018 16 5
1018 11 7
1019 15 4
1019 5 4
1020 13 8
1020 11 3
1021 15 11
1021 14 2
1022 4 12
1022 11 14
1023 6 5
1023 8 4
1024 6 4
1024 6 12
1025 8 2
1025 5 14
1026 4 7
1026 10 5
1027 14 8
1027 10 7
1028 10 16
1028 15 13
1029 1 3
1029 14 12
1030 11 8
1030 16 7
1031 3 13
1031 3 8
1032 12 4
1032 16 6
1033 16 10
1033 13 11
1034 2 14
1034 14 2
1035 14 8
1035 7 4
1036 14 13
1036 2 5
1037 2 11
1037 5 8
1038 16 12
1038 6 9
1039 16 10
1039 16 5
1040 10 7
1040 11 14
1041 12 8
1041 16 6
1042 8 3
1042 12 9
1043 14 5
1043 8 1
1044 9 2
1044 7 1
1045 16 3
1045 1 12
1046 4 12
1046 7 15
1047 11 7
1047 2 8
1048 3 8
1048 16 11
1049 1 7
1049 4 12
1050 6 10
1050 12 14
1051 14 8
1051 3 16
1052 7 16
1052 13 12
1053 2 13
1053 10 9
1054 10 6
1054 6 11
1055 4 14
1055 15 3
1056 11 7
1057 11 16
1057 12 9
1058 8 9
1058 3 13
1059 13 2
1059 13 16
1060 12 11
1060 3 1
1061 12 2
1061 8 10
1062 10 14
1062 9 6
1063 5 6
1063 8 11
1064 12 5
1064 6 4
1065 1 13
1065 3 10
1066 10 7
1066 11 14
1067 12 16
1067 10 3
1068 15 9
1068 4 8
1069 15 3
1069 4 11
1070 12 10
1070 10 7
1071 2 4
1071 13 14
1072 9 6
1072 15 16
1073 1 14
1073 14 11
1074 15 14
1074 3 4
1075 11 15
1075 14 1
1076 3 9
1076 15 10
1077 15 14
1077 15 13
1078 6 12
1078 7 14
1079 4 16
1079 5 12
1080 15 14
1080 6 4
1081 7 4
1081 7 2
1082 6 7
1082 8 14
1083 14 15
1083 8 9
1084 2 12
1084 15 2
1085 7 11
1085 16 6
1086 8 15
1086 13 15
1087 15 5
1087 9 14
1088 5 15
1088 9 12
1089 12 4
1089 4 7
1090 14 7
1090 15 7
1091 7 13
1092 6 13
1093 3 7
1093 4 12
1094 4 13
1094 7 8
1095 4 13
1096 12 3
1096 3 8
1097 12 4
1097 7 8
1098 5 4
1098 6 1
1099 4 3
1099 4 5
1100 8 13
1100 2 12
1101 5 16
1101 7 1
1102 9 1
1102 1 13
1103 10 15
1103 16 13
1104 4 13
1104 11 8
1105 8 4
1105 5 10
1106 4 15
1106 6 15
1107 3 2
1107 1 10
1108 16 7
1108 13 14
1109 5 10
1109 8 10
1110 6 11
1110 4 2
1111 8 13
1111 7 3
1112 4 16
1112 10 4
1113 11 8
1113 5 11
1114 8 14
1114 16 11
1115 16 7
1116 3 2
1116 15 7
1117 7 5
1117 8 10
1118 3 8
1118 4 6
1119 4 10
1119 7 2
1120 7 5
1120 9 1
1121 7 16
1121 14 9
1122 11 8
1122 3 2
1123 1 2
1123 11 8
1124 11 1
1124 15 16
1125 8 16
1125 16 11
1126 5 6
1126 3 16
1127 3 1
1127 8 15
1128 4 10
1128 4 12
1129 4 8
1129 13 11
1130 2 10
1130 2 8
1131 1 14
1131 4 15
1132 1 15
1132 9 1
1133 10 1
1133 9 16
1134 7 10
1134 16 8
1135 7 6
1135 16 11
1136 5 14
1136 13 1
1137 15 8
1138 4 7
1138 15 12
1139 7 2
1139 10 16
1140 6 7
1140 3 1
1141 11 3
1141 16 3
1142 4 14
1142 11 4
1143 5 1
1143 2 14
1144 7 16
1144 9 10
1145 8 15
1145 15 10
1146 11 2
1146 5 7
1147 12 4
1147 15 7
1148 2 15
1148 15 16
1149 3 15
1149 13 1
1150 1 13
1150 12 5
1151 16 11
1151 10 1
1152 5 6
1152 15 10
1153 15 13
1153 5 14
1154 8 16
1154 4 16
1155 1 7
1155 4 3
1156 14 9
1157 1 14
1157 13 3
1158 11 7
1159 4 13
1159 3 10
1160 6 3
1160 12 14
1161 3 4
1161 11 7
1162 1 3
1162 10 15
1163 10 3
1164 11 14
1164 11 2
1165 2 13
1165 2 7
1166 14 2
1166 11 3
1167 10 16
1167 10 6
1168 8 15
1168 4 3
1169 8 15
1169 6 11
1170 5 10
1170 8 14
1171 10 12
1171 15 11
1172 4 1
1173 14 3
1173 11 9
1174 7 8
1174 3 7
1175 7 4
1176 3 2
1176 6 15
1177 6 9
1177 8 9
1178 10 12
1178 9 6
1179 15 13
1180 10 11
1180 7 2
1181 7 3
1181 7 14
1182 7 10
1182 2 1
1183 9 3
1183 6 14
1184 8 3
1184 13 11
1185 11 7
1185 14 1
1186 8 2
1186 16 14
1187 14 15
1187 12 8
1188 3 9
1188 13 16
1189 12 10
1189 9 3
1190 8 14
1190 4 3
1191 8 4
1191 1 8
1192 16 13
1193 15 1
1193 1 3
1194 12 11
1194 4 3
1195 6 7
1195 7 14
1196 5 12
1196 7 4
1197 15 5
1198 10 11
1198 6 1
1199 14 7
1199 13 7
1200 12 16
1200 4 3
1201 6 11
1201 8 6
1202 6 13
1202 12 1
1203 1 6
1203 4 8
1204 15 13
1204 11 10
1205 2 9
1205 11 8
1206 6 15
1206 15 14
1207 10 12
1207 8 13
1208 5 3
1208 8 5
1209 13 9
1209 8 10
1210 11 1
1210 15 3
1211 2 11
1211 10 2
1212 7 14
1213 9 12
1214 13 8
1214 10 5
1215 8 3
1215 10 3
1216 4 14
1216 13 6
1217 9 10
1217 16 10
1218 12 4
1218 10 12
1219 2 12
1220 11 2
1220 4 8
1221 2 6
1221 5 16
1222 11 10
1222 8 4
1223 14 15
1224 8 15
1224 4 3
1225 12 15
1225 3 2
1226 16 14
1226 8 4
1227 9 13
1227 5 9
1228 9 15
1228 15 9
1229 7 10
1229 9 2
1230 13 12
1231 10 9
1231 4 8
1232 12 16
1232 4 14
1233 15 9
1233 3 4
1234 13 12
1234 4 1
1235 4 12
1235 4 6
1236 2 12
1236 7 13
1237 11 6
1237 10 6
1238 7 11
1238 16 13
1239 16 9
1239 4 1
1240 8 13
1240 6 8
1241 2 7
1242 15 4
1242 13 12
1243 1 16
1243 1 8
1244 1 16
1244 5 12
1245 4 16
1246 13 3
1246 2 1
1247 9 2
1247 8 15
1248 16 1
1248 2 6
1249 2 5
1249 14 6
1250 11 12
1250 4 11
1251 13 16
1251 7 14
1252 5 1
1252 13 11
1253 4 1
1253 14 13
1254 7 8
1255 10 7
1255 9 11
1256 14 5
1256 9 11
1257 6 12
1257 15 9
1258 14 16
1258 3 2
1259 2 7
1260 8 2
1260 6 4
1261 15 7
1261 7 5
1262 8 9
1262 13 5
1263 5 13
1263 12 14
1264 1 9
1264 8 12
1265 15 1
1265 14 1
1266 9 15
1266 14 4
1267 1 12
1267 15 2
1268 7 8
1268 1 2
1269 11 15
1270 14 4
1270 4 8
1271 12 16
1272 9 16
1272 11 15
1273 14 16
1273 10 3
1274 1 8
1274 2 4
1275 10 7
1275 6 1
1276 13 4
1276 7 9
1277 6 8
1277 3 9
1278 2 9
1278 2 15
1279 8 10
1279 13 16
1280 2 4
1280 2 6
1281 10 4
1281 7 9
1282 14 16
1282 3 14
1283 16 8
1283 5 11
1284 8 9
1284 16 10
1285 11 4
1285 6 11
1286 11 13
1286 13 1
1287 10 4
1287 8 1
1288 4 11
1288 4 9
1289 1 8
1289 1 16
1290 12 2
1290 6 13
1291 6 1
1291 1 11
1292 10 5
1292 7 10
1293 8 1
1294 1 8
1294 6 7
1295 8 1
1295 2 4
1296 13 4
1296 6 9
1297 2 15
1297 6 15
1298 2 10
1298 6 14
1299 8 6
1299 9 12
1300 16 12
1300 16 12
1301 4 14
1301 2 15
1302 2 7
1302 8 2
1303 8 1
1303 7 10
1304 10 5
1304 5 1
1305 5 9
1305 10 8
1306 7 4
1306 7 16
1307 15 6
1307 15 16
1308 14 9
1308 5 15
1309 8 9
1309 13 6
1310 6 13
1310 10 9
1311 15 1
1311 5 8
1312 14 10
1312 10 7
1313 2 12
1313 8 5
1314 15 13
1314 8 14
1315 8 10
1315 10 13
1316 12 6
1316 3 6
1317 4 12
1317 13 14
1318 16 3
1318 7 13
1319 2 14
1319 5 10
1320 7 10
1321 16 11
1321 4 14
1322 1 12
1322 9 5
1323 5 16
1323 4 8
1324 12 5
1324 11 15
1325 7 4
1325 16 3
1326 8 3
1326 1 10
1327 14 13
1328 4 10
1328 2 7
1329 12 3
1329 16 14
1330 7 10
1330 11 14
1331 7 12
1331 15 14
1332 11 10
1332 15 4
1333 16 2
1333 1 9
1334 7 9
1334 10 15
1335 3 10
1336 5 13
1336 11 15
1337 3 1
1337 13 4
1338 13 2
1338 15 13
1339 15 14
1339 1 14
1340 12 16
1340 6 5
1341 15 12
1341 5 14
1342 15 16
1342 13 14
1343 8 9
1343 1 5
1344 11 6
1344 14 16
1345 16 1
1345 6 10
1346 6 9
1346 16 5
1347 8 14
1347 10 15
1348 9 6
1348 6 1
1349 7 3
1349 10 13
1350 16 11
1350 9 10
1351 5 13
1351 5 12
1352 16 10
1352 12 2
1353 10 1
1353 2 4
1354 13 1
1355 8 3
1355 10 13
1356 4 5
1356 4 15
1357 15 4
1357 16 5
1358 12 3
1358 3 2
1359 2 7
1359 8 16
1360 11 15
1360 3 6
1361 1 14
1361 6 5
1362 9 8
1362 1 4
1363 4 7
1363 13 7
1364 10 1
1364 2 11
1365 3 10
1365 14 12
1366 10 3
1366 7 16
1367 15 1
1367 5 4
1368 14 1
1368 11 5
1369 12 11
1369 15 12
1370 4 14
1370 13 4
1371 3 4
1371 6 15
1372 5 1
1373 4 7
1373 15 12
1374 3 10
1374 15 12
1375 15 7
1375 8 1
1376 2 7
1376 6 13
1377 5 4
1377 16 12
1378 3 8
1378 4 8
1379 9 10
1379 13 9
1380 4 9
1380 16 1
1381 16 15
1381 16 7
1382 6 12
1383 10 2
1383 9 12
1384 8 2
1384 13 4
1385 7 6
1385 9 14
1386 10 9
1386 16 6
1387 3 5
1387 14 9
1388 16 3
1388 6 9
1389 12 15
1389 6 12
1390 9 8
1390 14 4
1391 11 6
1391 1 4
1392 2 8
1392 14 8
1393 9 8
1393 7 15
1394 9 12
1394 14 11
1395 2 5
1395 4 12
1396 4 8
1396 12 9
1397 4 9
1397 1 16
1398 9 7
1398 12 5
1399 16 6
1399 14 13
1400 2 15
1400 14 3
1401 12 1
1401 5 7
1402 5 4
1402 10 9
1403 15 4
1403 1 14
1404 5 11
1404 14 16
1405 15 16
1405 6 14
1406 4 16
1406 6 1
1407 1 5
1408 1 15
1408 16 1
1409 9 15
1409 11 16
1410 5 1
1410 12 10
1411 3 12
1412 6 12
1412 14 2
1413 16 8
1413 12 15
1414 11 10
1414 15 13
1415 5 15
1416 2 10
1416 1 10
1417 10 14
1417 7 4
1418 3 13
1418 11 14
1419 3 5
1419 8 3
1420 10 12
1420 10 6
1421 10 3
1421 2 8
1422 5 10
1422 7 16
1423 14 16
1423 3 4
1424 11 8
1424 8 10
1425 5 16
1425 6 5
1426 7 4
1426 9 11
1427 14 10
1427 16 10
1428 1 4
1429 9 1
1430 6 15
1430 11 9
1431 15 8
1431 13 14
1432 1 5
1432 1 6
1433 4 1
1434 2 14
1434 7 13
1435 6 12
1435 2 10
1436 10 12
1436 9 7
1437 4 11
1437 8 3
1438 2 10
1438 12 15
1439 9 11
1439 11 1
1440 2 13
1440 13 10
1441 4 1
1441 2 7
1442 16 1
1442 1 13
1443 4 12
1443 11 3
1444 16 13
1444 5 4
1445 16 9
1445 7 12
1446 16 15
1446 12 6
1447 1 12
1447 2 11
1448 8 7
1448 9 12
1449 14 9
1449 8 12
1450 12 4
1450 15 16
1451 5 8
1451 12 7
1452 11 7
1452 7 1
1453 16 14
1453 16 6
1454 9 7
1454 5 12
1455 2 4
1455 2 8
1456 12 14
1457 1 15
1458 11 15
1458 14 6
1459 16 2
1459 12 7
1460 5 15
1460 6 16
1461 7 5
1461 15 13
1462 3 5
1462 3 6
1463 15 13
1463 13 16
1464 8 15
1464 7 9
1465 5 7
1465 6 15
1466 3 13
1466 5 10
1467 15 16
1468 3 15
1468 2 16
1469 14 1
1470 1 9
1470 14 12
1471 11 9
1471 5 4
1472 13 14
1472 15 9
1473 5 4
1474 5 15
1474 8 13
1475 14 2
1475 8 2
1476 4 8
1476 1 14
1477 5 14
1477 14 12
1478 1 9
1478 13 1
1479 2 8
1479 11 7
1480 5 3
1480 6 5
1481 4 13
1481 10 13
1482 8 12
1482 8 16
1483 8 1
1483 3 8
1484 1 10
1484 13 3
1485 11 4
1485 4 12
1486 13 7
1486 13 11
1487 4 3
1487 16 15
1488 15 10
1488 14 2
1489 10 4
1489 8 12
1490 14 9
1490 10 5
1491 2 7
1491 15 4
1492 11 2
1492 3 12
1493 5 9
1493 7 15
1494 11 3
1494 16 11
1495 3 2
1495 13 14
1496 11 5
1496 9 6
1497 7 2
1497 6 16
1498 6 13
1498 10 3
1499 14 16
1499 5 4
1500 10 5
1500 7 9
1501 16 1
1501 10 5
1502 5 14
1503 1 5
1503 14 8
1504 14 11
1505 14 7
1505 9 4
1506 16 13
1506 16 10
1507 15 1
1507 3 14
1508 5 14
1508 15 5
1509 8 12
1509 1 11
1510 13 16
1510 1 11
1511 3 8
1511 9 5
1512 15 1
1512 4 10
1513 12 16
1513 7 3
1514 13 11
1514 3 11
1515 4 13
1515 13 4
1516 7 13
1516 15 2
1517 7 14
1517 9 2
1518 8 12
1518 5 16
1519 13 9
1519 9 10
1520 5 9
1520 13 7
1521 6 2
1521 7 5
1522 7 15
1522 3 2
1523 10 8
1523 10 14
1524 7 6
1524 7 14
1525 4 1
1525 10 12
1526 1 5
1526 13 6
1527 5 12
1527 15 13
1528 5 2
1528 6 2
1529 11 8
1529 7 11
1530 5 13
1530 7 1
1531 9 5
1531 3 5
1532 14 13
1532 16 10
1533 13 3
1533 9 16
1534 7 5
1534 14 6
1535 16 4
1536 1 10
1536 1 10
1537 8 2
1537 16 2
1538 6 13
1538 13 5
1539 14 16
1540 10 14
1540 2 10
1541 15 16
1541 2 14
1542 7 5
1542 9 13
1543 15 11
1543 6 9
1544 11 10
1545 15 9
1546 11 13
1546 6 1
1547 5 2
1547 6 7
1548 11 5
1548 11 1
1549 3 7
1549 14 15
1550 13 14
1550 8 16
1551 13 8
1551 2 5
1552 13 6
1552 4 12
1553 10 2
1553 8 4
1554 1 11
1554 13 3
1555 9 7
1555 16 2
1556 2 10
1556 14 3
1557 13 12
1557 6 10
1558 13 14
1558 7 14
1559 9 4
1559 14 9
1560 7 2
1560 4 9
1561 9 11
1561 9 8
1562 13 1
1562 8 3
1563 13 10
1563 9 5
1564 16 13
1564 2 9
1565 16 9
1566 6 12
1566 1 15
1567 16 4
1567 7 6
1568 3 16
1568 7 4
1569 11 15
1569 6 14
1570 13 4
1570 5 6
1571 7 3
1571 8 13
1572 11 12
1572 12 6
1573 10 4
1573 2 14
1574 9 14
1574 3 15
1575 2 5
1575 5 9
1576 8 10
1576 7 4
1577 16 3
1577 13 2
1578 15 14
1578 1 10
1579 12 4
1579 9 10
1580 7 15
1580 9 15
1581 12 13
1582 1 14
1583 2 8
1583 4 8
1584 3 4
1584 9 11
1585 12 5
1586 10 7
1586 5 13
1587 12 13
1587 12 3
1588 12 7
1588 3 11
1589 4 1
1589 16 5
1590 3 5
1590 14 15
1591 15 12
1591 2 10
1592 14 4
1592 1 8
1593 10 2
1593 2 4
1594 1 12
1594 3 7
1595 12 14
1595 3 4
1596 7 14
1597 16 6
1598 8 10
1598 13 7
1599 4 5
1600 1 12
1600 10 9
1601 3 9
1601 13 5
1602 8 16
1602 5 8
1603 4 11
1604 14 5
1604 14 11
1605 11 10
1605 1 11
1606 7 11
1606 14 16
1607 13 5
1607 16 11
1608 12 5
1608 9 2
1609 1 13
1610 6 10
1610 3 14
1611 6 7
1611 7 10
1612 1 13
1612 11 3
1613 14 11
1613 3 7
1614 16 15
1614 3 15
1615 14 6
1615 11 2
1616 15 9
1616 11 5
1617 13 15
1617 3 7
1618 7 3
1618 8 1
1619 6 12
1619 2 15
1620 4 10
1620 7 5
1621 10 11
1621 13 15
1622 16 1
1622 12 10
1623 3 7
1624 6 10
1624 13 16
1625 13 9
1625 14 1
1626 12 14
1626 1 3
1627 13 2
1628 14 4
1628 11 16
1629 4 7
1629 3 16
1630 2 12
1630 16 5
1631 7 1
1631 6 7
1632 5 8
1633 5 16
1633 12 2
1634 4 1
1634 16 10
1635 8 1
1635 1 3
1636 11 10
1636 8 5
1637 1 16
1637 1 13
1638 15 16
1638 1 7
1639 4 2
1639 9 11
1640 16 6
1640 9 5
1641 3 5
1641 6 13
1642 12 8
1642 3 10
1643 2 4
1643 1 7
1644 15 9
1644 12 1
1645 13 2
1645 12 10
1646 4 8
1646 2 10
1647 1 3
1647 4 9
1648 9 12
1648 14 10
1649 15 12
1649 2 11
1650 13 5
1650 1 12
1651 3 5
1651 4 12
1652 7 2
1653 14 13
1653 5 14
1654 3 13
1654 14 1
1655 11 16
1655 11 9
1656 14 10
1656 13 14
1657 8 3
1657 11 14
1658 3 7
1658 13 10
1659 2 8
1659 6 10
1660 2 6
1660 5 15
1661 7 6
1661 6 14
1662 5 3
1662 8 1
1663 4 3
1663 9 14
1664 11 9
1664 14 16
1665 5 12
1665 15 10
1666 16 15
1666 1 2
1667 3 15
1667 14 9
1668 3 4
1668 10 16
1669 2 13
1669 9 4
1670 9 1
1670 5 7
1671 13 15
1671 8 11
1672 2 1
1672 14 1
1673 16 9
1673 12 4
1674 4 1
1675 11 16
1675 16 10
1676 4 6
1676 6 7
1677 4 16
1677 15 6
1678 8 1
1678 6 8
1679 14 4
1679 4 1
1680 12 8
1680 6 3
1681 15 5
1681 6 4
1682 10 1
1682 2 13
1683 13 3
1684 9 13
1684 16 9
1685 2 12
1686 7 13
1686 1 3
1687 12 4
1687 9 5
1688 6 9
1688 16 8
1689 11 3
1689 8 1
1690 16 14
1690 6 4
1691 11 8
1692 14 5
1693 4 2
1693 4 9
1694 11 10
1694 3 7
1695 6 3
1695 9 16
1696 16 10
1696 11 8
1697 14 13
1697 7 5
1698 7 1
1698 9 11
1699 11 1
1699 6 2
1700 2 3
1700 1 9
1701 8 14
1701 10 11
1702 13 8
1702 14 10
1703 2 10
1703 9 7
1704 15 2
1704 2 5
1705 3 7
1705 6 9
1706 1 16
1706 4 15
1707 12 5
1707 15 16
1708 14 9
1708 14 5
1709 9 15
1709 16 2
1710 8 10
1710 6 8
1711 4 9
1711 16 15
1712 13 5
1712 6 14
1713 11 13
1714 4 12
1714 11 12
1715 3 6
1715 4 2
1716 6 12
1716 4 5
1717 10 7
1717 13 2
1718 16 15
1718 3 5
1719 16 14
1719 4 14
1720 2 10
1720 11 4
1721 12 14
1721 5 12
1722 6 12
1722 2 16
1723 14 13
1723 15 10
1724 4 16
1724 7 10
1725 13 16
1725 9 12
1726 9 7
1726 10 7
1727 1 13
1728 2 1
1728 6 16
1729 12 6
1729 9 5
1730 6 13
1730 12 6
1731 6 7
1731 12 6
1732 16 4
1732 1 8
1733 12 11
1733 10 14
1734 16 12
1734 6 4
1735 16 15
1735 6 8
1736 2 7
1736 5 8
1737 8 13
1737 16 14
1738 6 5
1738 2 8
1739 10 8
1740 11 15
1740 4 13
1741 7 3
1742 2 11
1742 2 6
1743 7 5
1743 10 13
1744 9 16
1744 10 3
1745 11 12
1745 5 7
1746 3 8
1747 7 3
1747 14 13
1748 4 16
1748 16 11
1749 12 3
1749 11 3
1750 4 5
1751 10 7
1751 11 5
1752 4 5
1752 11 9
1753 8 13
1753 3 13
1754 3 6
1754 12 4
1755 12 16
1755 9 5
1756 7 5
1756 11 12
1757 3 1
1757 2 8
1758 14 6
1758 6 1
1759 11 16
1760 13 11
1760 15 1
1761 10 15
1761 16 9
1762 6 11
1762 5 7
1763 9 8
1763 4 9
1764 13 6
1764 5 2
1765 6 1
1765 10 15
1766 8 4
1767 1 5
1767 1 3
1768 14 5
1768 1 12
1769 7 15
1769 1 14
1770 2 15
1771 12 4
1771 15 3
1772 6 1
1773 14 11
1773 1 7
1774 2 7
1774 16 2
1775 8 10
1775 3 7
1776 14 5
1776 12 4
1777 9 6
1777 7 10
1778 10 15
1778 10 8
1779 2 15
1779 13 9
1780 7 2
1780 4 11
1781 1 11
1781 4 5
1782 9 1
1782 11 15
1783 12 4
1783 9 16
1784 10 2
1784 15 11
1785 12 2
1785 7 4
1786 7 12
1787 1 13
1787 6 2
1788 6 1
1788 12 1
1789 15 11
1789 9 13
1790 5 4
1790 14 16
1791 3 15
1791 13 6
1792 14 10
1792 2 10
1793 3 2
1793 10 15
1794 5 12
1794 5 4
1795 5 7
1795 9 13
1796 6 10
1796 14 6
1797 2 5
1797 9 15
1798 16 10
1798 11 10
1799 1 10
1800 14 1
1800 14 2
1801 9 5
1801 10 4
1802 8 14
1802 6 16
1803 6 9
1803 6 10
1804 3 5
1804 1 4
1805 14 13
1806 16 5
1806 14 5
1807 14 5
1807 11 5
1808 2 1
1808 12 1
1809 5 9
1809 3 7
1810 2 1
1810 7 9
1811 2 11
1811 14 11
1812 16 4
1812 12 4
1813 14 2
1813 13 9
1814 3 6
1814 7 11
1815 15 14
1815 11 13
1816 1 13
1816 6 12
1817 3 16
1817 10 16
1818 8 1
1818 3 2
1819 10 3
1819 1 14
1820 10 9
1820 10 13
1821 4 7
1821 10 2
1822 5 8
1822 16 12
1823 4 16
1823 4 6
1824 11 10
1824 13 6
1825 3 12
1825 15 10
1826 2 12
1826 10 2
1827 2 4
1827 6 10
1828 8 2
1828 1 6
1829 3 13
1829 14 15
1830 4 6
1830 2 9
1831 4 3
1831 5 7
1832 6 7
1832 2 8
1833 7 11
1833 16 3
1834 14 13
1834 8 10
1835 11 16
1835 12 2
1836 5 9
1836 5 3
1837 7 9
1837 12 2
1838 8 9
1838 16 12
1839 7 11
1839 6 11
1840 8 4
1841 4 16
1841 10 6
1842 13 16
1842 9 12
1843 10 12
1843 9 10
1844 4 6
1845 13 14
1845 1 5
1846 14 12
1846 12 5
1847 11 16
1847 7 10
1848 13 16
1849 6 16
1850 8 12
1851 1 7
1852 1 6
1852 14 8
1853 3 1
1853 15 1
1854 10 12
1854 13 3
1855 10 5
1855 4 1
1856 12 15
1856 2 9
1857 7 12
1858 15 8
1858 3 4
1859 15 16
1859 15 12
1860 5 9
1860 13 15
1861 7 4
1861 5 11
1862 9 8
1862 14 15
1863 1 4
1864 15 14
1864 3 7
1865 14 15
1865 5 8
1866 7 4
1866 6 12
1867 11 5
1867 7 14
1868 12 7
1868 14 6
1869 8 13
1869 12 1
1870 14 9
1870 12 15
1871 11 8
1871 14 10
1872 6 1
1873 8 15
1874 14 13
1875 13 8
1876 15 1
1876 7 2
1877 2 8
1877 3 10
1878 13 2
1878 11 14
1879 2 9
1879 1 16
1880 12 4
1880 10 8
1881 6 11
1882 10 1
1882 7 14
1883 14 1
1883 2 11
1884 4 1
1884 4 1
1885 9 12
1885 5 12
1886 3 15
1886 12 4
1887 7 11
1888 11 2
1888 5 13
1889 15 16
1889 12 10
1890 11 10
1890 8 5
1891 14 7
1891 5 7
1892 12 15
1892 14 8
1893 8 11
1893 10 14
1894 11 10
1894 11 7
1895 13 6
1895 13 11
1896 5 11
1896 7 6
1897 14 10
1897 15 13
1898 6 4
1898 3 11
1899 8 11
1899 10 9
1900 13 2
1900 16 4
1901 8 9
1901 1 12
1902 11 3
1902 2 9
1903 4 16
1903 4 11
1904 16 7
1905 6 8
1905 7 8
1906 16 3
1906 13 14
1907 12 14
1907 15 11
1908 11 6
1908 11 6
1909 4 12
1909 15 4
1910 8 1
1910 11 13
1911 10 9
1911 4 3
1912 15 7
1912 1 8
1913 7 4
1913 7 4
1914 13 15
1915 7 3
1915 10 13
1916 6 12
1916 1 2
1917 7 16
1917 12 9
1918 15 7
1918 10 9
1919 11 12
1919 11 3
1920 15 12
1920 3 16
1921 15 8
1921 12 6
1922 1 3
1922 2 6
1923 6 14
1923 7 3
1924 4 9
1924 1 5
1925 15 8
1925 13 10
1926 7 11
1926 11 1
1927 4 15
1928 1 12
1928 3 7
1929 15 7
1929 12 7
1930 14 6
1930 3 13
1931 3 15
1931 5 9
1932 4 12
1932 2 16
1933 7 1
1933 6 11
1934 2 14
1935 11 16
1935 14 16
1936 4 11
1936 2 9
1937 2 12
1937 15 10
1938 1 16
1938 12 3
1939 8 15
1939 1 3
1940 3 16
1940 11 4
1941 13 10
1942 7 5
1942 2 8
1943 8 12
1943 12 7
1944 6 5
1944 5 8
1945 12 8
1945 12 5
1946 11 10
1946 2 9
1947 1 9
1947 10 9
1948 5 6
1949 13 8
1949 6 9
1950 9 3
1950 6 5
1951 6 2
1951 10 6
1952 3 16
1952 9 6
1953 6 11
1953 8 12
1954 8 9
1954 11 2
1955 9 2
1955 7 1
1956 2 3
1956 15 5
1957 14 12
1957 2 10
1958 1 14
1958 15 8
1959 10 16
1959 1 6
1960 1 11
1960 4 15
1961 4 12
1961 4 10
1962 12 3
1962 13 2
1963 4 12
1963 6 11
1964 4 10
1964 14 8
1965 8 7
1965 2 14
1966 1 9
1966 8 13
1967 7 1
1968 11 1
1968 8 11
1969 8 1
1969 6 11
1970 16 11
1970 16 10
1971 11 13
1971 12 13
1972 16 4
1972 10 9
1973 5 12
1973 1 3
1974 6 5
1974 7 12
1975 3 16
1976 10 3
1976 2 14
1977 6 1
1978 3 2
1978 1 7
1979 8 1
1979 2 12
1980 4 8
1981 15 10
1982 8 16
1982 1 8
1983 4 1
1983 6 8
1984 6 11
1984 6 8
1985 14 11
1985 4 7
1986 1 6
1986 11 1
1987 14 13
1987 13 3
1988 10 11
1988 11 10
1989 1 7
1989 12 7
1990 1 8
1990 4 7
1991 12 16
1991 3 15
1992 6 10
1993 6 2
1993 4 8
1994 10 15
1995 10 1
1995 5 11
1996 2 3
1996 1 10
1997 11 4
1997 2 10
1998 9 15
1998 16 7
1999 14 9
2000 4 15
2000 4 13
2001 1 10
2001 1 15
2002 4 10
2002 4 1
2003 9 15
2003 4 13
2004 11 7
2004 16 8
2005 3 7
2005 13 6
2006 10 5
2006 4 13
2007 2 11
2007 1 15
2008 15 5
2008 8 14
2009 6 2
2009 9 13
2010 2 16
2010 14 11
2011 13 10
2011 1 6
2012 5 16
2012 6 8
2013 9 11
2013 11 6
2014 5 7
2014 10 11
2015 16 13
2015 14 16
2016 1 2
2016 7 3
2017 6 10
2017 11 14
2018 11 4
2018 9 2
2019 14 8
2019 13 12
2020 5 6
2020 4 10
2021 1 10
2021 16 10
2022 5 2
2022 13 11
2023 2 11
2023 1 15
2024 10 12
2024 4 9
2025 8 10
2025 11 12
2026 2 10
2026 5 14
2027 13 15
2027 11 3
2028 1 7
2028 3 2
2029 8 16
2029 7 6
2030 8 9
2030 14 10
2031 15 6
2031 8 11
2032 5 14
2032 1 2
2033 16 7
2033 8 4
2034 8 12
2035 13 5
2035 13 5
2036 13 10
2036 10 13
2037 13 9
2037 3 9
2038 2 5
2038 14 4
2039 15 12
2039 10 16
2040 4 5
2040 12 4
2041 1 11
2041 8 7
2042 3 8
2042 13 14
2043 1 8
2043 13 5
2044 15 7
2044 10 12
2045 16 5
2045 7 10
2046 7 13
2046 10 2
2047 5 2
2047 11 3
2048 11 3
2048 14 2
2049 13 2
2049 11 7
2050 7 10
2050 5 15
2051 12 14
2051 9 1
2052 2 16
2052 15 13
2053 3 6
2053 8 10
2054 3 5
2054 14 12
2055 11 5
2056 8 9
2056 11 4
2057 16 9
2057 13 2
2058 12 2
2058 9 16
2059 7 4
2059 1 15
2060 3 10
2060 13 6
2061 16 3
2061 10 6
2062 10 7
2062 15 2
2063 11 16
2063 8 10
2064 4 9
2064 13 5
2065 12 1
2066 2 10
2066 13 1
2067 16 5
2067 11 5
2068 16 15
2068 3 7
2069 13 1
2070 2 15
2070 14 9
2071 1 7
2071 9 2
2072 5 6
2072 8 16
2073 15 4
2073 10 16
2074 13 14
2075 16 2
2075 9 6
2076 10 3
2076 6 16
2077 14 6
2077 3 14
2078 2 4
2078 2 13
2079 7 10
2079 12 2
2080 9 10
2080 12 15
2081 8 5
2081 15 4
2082 8 9
2082 15 11
2083 14 11
2083 14 10
2084 6 2
2084 1 7
2085 14 13
2085 3 1
2086 10 5
2087 12 10
2087 2 9
2088 13 7
2088 9 12
2089 10 11
2089 6 12
2090 10 2
2090 10 12
2091 11 7
2091 11 2
2092 6 8
2092 15 5
2093 16 15
2093 15 16
2094 11 10
2094 13 11
2095 11 15
2095 2 9
2096 10 1
2096 7 6
2097 10 12
2097 2 9
2098 11 1
2099 13 7
2100 15 12
2100 9 5
2101 3 7
2101 6 12
2102 5 6
2103 4 5
2103 13 3
2104 3 15
2104 16 4
2105 11 2
2106 5 12
2106 14 13
2107 16 6
2107 2 7
2108 7 16
2108 1 16
2109 11 12
2109 11 12
2110 10 2
2110 11 3
2111 15 6
2111 10 11
2112 6 3
2112 4 9
2113 3 1
2113 15 14
2114 8 2
2115 12 6
2115 6 16
2116 12 9
2116 6 7
2117 4 8
2117 14 6
2118 11 7
2118 3 4
2119 6 7
2119 13 3
2120 13 7
2120 9 2
2121 9 14
2121 5 12
2122 16 10
2122 10 15
2123 4 7
2124 9 4
2124 3 11
2125 2 1
2125 8 11
2126 9 7
2126 2 12
2127 15 13
2127 7 15
2128 2 8
2128 10 1
2129 14 16
2129 11 14
2130 8 10
2130 12 7
2131 6 13
2131 13 12
2132 7 3
2132 12 13
2133 2 7
2133 16 7
2134 12 5
2134 14 7
2135 2 15
2135 3 5
2136 14 10
2136 10 2
2137 14 5
2137 2 11
2138 3 8
2138 10 14
2139 1 3
2139 9 2
2140 15 4
2140 8 10
2141 13 16
2141 9 4
2142 16 10
2142 15 14
2143 6 11
2143 13 1
2144 3 16
2144 10 7
2145 12 7
2145 1 3
2146 15 2
2146 13 11
2147 1 11
2147 13 15
2148 14 6
2148 2 3
2149 5 15
2149 11 16
2150 7 4
2150 14 7
2151 1 16
2151 12 16
2152 4 1
2152 9 3
2153 15 5
2153 10 14
2154 5 2
2154 16 6
2155 6 16
2155 15 5
2156 6 2
2157 12 4
2157 4 2
2158 16 12
2158 8 10
2159 7 14
2159 6 3
2160 10 4
2160 12 16
2161 2 14
2161 11 8
2162 2 3
2162 15 2
2163 7 1
2163 10 8
2164 2 15
2164 6 10
2165 14 3
2165 6 2
2166 15 2
2166 12 13
2167 15 6
2167 10 8
2168 1 12
2168 13 2
2169 2 11
2169 12 5
2170 12 11
2170 5 16
2171 7 3
2171 11 7
2172 1 11
2173 8 4
2173 6 3
2174 5 8
2174 3 15
2175 8 15
2175 16 2
2176 11 3
2176 7 15
2177 6 10
2177 12 10
2178 14 2
2178 7 12
2179 12 8
2179 7 3
2180 13 16
2180 2 15
2181 15 13
2181 11 2
2182 2 4
2182 8 1
2183 10 2
2183 12 4
2184 11 5
2185 5 11
2185 5 16
2186 1 12
2187 11 1
2187 11 9
2188 2 1
2189 16 10
2190 1 5
2190 15 1
2191 15 16
2191 1 8
2192 10 13
2193 11 12
2193 11 13
2194 14 2
2194 13 14
2195 11 13
2195 12 14
2196 4 13
2196 16 4
2197 16 6
2197 4 12
2198 7 6
2198 15 10
2199 2 16
2200 7 8
2200 2 13
2201 13 6
2201 5 7
2202 16 15
2202 2 15
2203 15 6
2204 3 13
2204 9 4
2205 6 11
2206 4 5
2206 8 7
2207 5 13
2207 16 13
2208 5 6
2208 3 8
2209 16 6
2209 4 16
2210 6 7
2211 6 4
2211 8 14
2212 5 9
2212 4 7
2213 6 4
2213 13 9
2214 1 15
2214 6 15
2215 1 14
2215 14 16
2216 15 3
2216 2 9
2217 2 6
2217 14 3
2218 10 4
2218 5 10
2219 14 10
2219 11 9
2220 9 14
2220 3 11
2221 12 4
2221 5 1
2222 10 7
2222 4 16
2223 1 9
2223 11 2
2224 16 1
2224 1 8
2225 15 7
2225 13 1
2226 15 10
2226 9 2
2227 1 3
2227 16 9
2228 15 1
2228 4 8
2229 2 5
2229 14 13
2230 14 8
2230 15 4
2231 16 7
2231 13 14
2232 6 8
2232 14 6
2233 14 13
2233 1 9
2234 9 11
2235 14 1
2235 1 15
2236 2 1
2236 2 16
2237 2 8
2237 9 11
2238 14 2
2238 16 15
2239 4 1
2239 7 4
2240 3 15
2241 14 1
2241 1 3
2242 1 7
2242 11 14
2243 13 1
2243 8 3
2244 10 3
2244 10 11
2245 16 7
2245 1 15
2246 6 1
2246 7 14
2247 5 15
2247 6 4
2248 3 15
2248 14 6
2249 14 5
2249 16 11
2250 10 12
2250 3 12
2251 15 5
2251 4 15
2252 4 9
2252 1 14
2253 9 11
2253 3 12
2254 11 1
2254 1 7
2255 4 13
2255 5 11
2256 15 5
2257 16 2
2258 7 8
2259 6 11
2259 4 12
2260 9 8
2260 11 9
2261 13 10
2261 9 16
2262 8 1
2262 7 11
2263 5 14
2263 10 5
2264 12 7
2264 16 9
2265 16 6
2265 11 9
2266 12 13
2266 9 13
2267 14 10
2267 8 2
2268 13 12
2268 16 5
2269 6 16
2269 11 3
2270 6 10
2270 5 11
2271 3 12
2271 7 2
2272 12 4
2272 5 4
2273 1 12
2274 7 8
2274 7 10
2275 5 16
2275 4 5
2276 3 2
2276 11 12
2277 15 7
2277 11 14
2278 3 13
2278 8 14
2279 3 4
2279 16 3
2280 4 10
2280 6 8
2281 5 8
2281 9 2
2282 9 16
2283 13 7
2283 8 14
2284 3 15
2285 10 1
2285 4 15
2286 13 1
2286 9 5
2287 4 11
2287 16 13
2288 6 4
2288 5 14
2289 14 3
2289 16 9
2290 16 2
2290 16 15
2291 4 11
2291 10 8
2292 2 3
2292 11 4
2293 10 6
2293 11 9
2294 3 13
2294 13 2
2295 6 9
2295 14 8
2296 16 5
2296 7 6
2297 11 7
2297 4 15
2298 14 10
2299 12 13
2299 5 3
2300 13 10
2301 6 2
2302 6 14
2303 12 4
2303 11 1
2304 9 8
2304 2 5
2305 15 12
2305 16 13
2306 5 11
2306 14 9
2307 12 2
2308 15 12
2308 12 10
2309 12 4
2309 12 2
2310 9 6
2311 15 2
2311 9 10
2312 8 1
2312 3 2
2313 4 3
2313 7 10
2314 6 14
2314 8 15
2315 10 6
2315 10 11
2316 1 3
2316 16 12
2317 4 6
2317 13 2
2318 1 7
2318 8 6
2319 4 2
2320 2 14
2321 10 16
2321 4 8
2322 8 4
2323 15 6
2323 8 13
2324 9 8
2325 10 5
2326 14 16
2327 12 5
2327 7 13
2328 11 2
2328 9 14
2329 13 11
2329 1 3
2330 7 14
2330 10 4
2331 10 15
2331 8 4
2332 12 6
2332 7 4
2333 1 3
2333 7 2
2334 15 16
2335 13 9
2335 11 1
2336 1 5
2336 8 12
2337 2 1
2337 4 10
2338 6 13
2338 11 9
2339 12 3
2339 6 7
2340 14 7
2340 15 2
2341 13 2
2341 7 2
2342 9 4
2343 10 15
2343 16 10
2344 3 6
2344 16 1
2345 14 1
2345 11 3
2346 15 12
2347 5 13
2347 3 6
2348 12 13
2348 14 1
2349 3 7
2349 1 9
2350 7 11
2350 4 8
2351 13 16
2351 8 10
2352 11 8
2352 9 15
2353 10 8
2353 11 13
2354 14 12
2354 12 14
2355 2 8
2355 15 9
2356 14 7
2356 8 11
2357 12 8
2358 1 3
2358 6 7
2359 15 6
2359 5 14
2360 14 9
2360 15 13
2361 16 7
2361 5 10
2362 3 16
2362 11 12
2363 6 16
2363 7 1
2364 14 4
2365 9 12
2365 9 4
2366 15 7
2366 11 6
2367 11 8
2367 11 12
2368 2 12
2368 15 1
2369 7 13
2369 11 12
2370 1 16
2370 13 1
2371 2 4
2371 10 6
2372 9 15
2372 8 6
2373 16 13
2373 9 3
2374 10 9
2374 13 9
2375 6 16
2375 6 16
2376 6 16
2376 5 3
2377 12 16
2377 3 15
2378 3 15
2378 5 10
2379 5 1
2379 10 11
2380 2 8
2380 5 6
2381 6 10
2381 2 12
2382 2 7
2382 7 10
2383 1 15
2383 12 7
2384 9 14
2385 12 9
2385 16 14
2386 2 4
2386 8 4
2387 1 4
2387 16 15
2388 2 15
2389 4 7
2389 15 12
2390 2 14
2390 11 2
2391 8 16
2391 15 8
2392 13 3
2392 3 9
2393 12 13
2393 3 15
2394 10 13
2394 5 16
2395 14 2
2395 1 7
2396 12 3
2397 4 13
2397 13 10
2398 13 11
2398 16 13
2399 15 3
2399 2 1
2400 7 12
2400 10 9
2401 2 9
2401 2 13
2402 4 3
2402 8 7
2403 8 12
2403 8 4
2404 1 6
2404 12 3
2405 16 1
2405 15 9
2406 9 2
2406 7 13
2407 11 4
2407 7 1
2408 13 10
2408 4 11
2409 8 9
2409 10 12
2410 7 2
2410 9 14
2411 13 7
2411 14 11
2412 2 9
2413 13 5
2413 7 11
2414 11 8
2414 13 1
2415 16 6
2415 10 6
2416 7 16
2417 3 5
2417 11 16
2418 6 8
2418 12 4
2419 16 10
2419 1 14
2420 3 9
2420 11 12
2421 3 2
2421 1 6
2422 10 6
2422 5 12
2423 9 5
2424 15 8
2424 15 12
2425 6 2
2425 5 11
2426 4 15
2426 7 4
2427 12 16
2427 12 13
2428 2 1
2428 7 10
2429 6 16
2430 7 15
2430 14 2
2431 11 8
2431 10 8
2432 9 1
2432 2 14
2433 9 14
2433 15 13
2434 9 16
2434 16 13
2435 15 16
2435 5 7
2436 4 14
2436 15 3
2437 5 11
2437 16 11
2438 2 4
2438 7 4
2439 11 3
2439 5 4
2440 7 16
2441 11 15
2441 8 5
2442 1 10
2442 1 12
2443 7 13
2443 3 1
2444 5 11
2445 1 4
2445 13 7
2446 6 15
2446 11 10
2447 16 4
2447 13 9
2448 11 16
2448 14 16
2449 6 1
2449 16 2
2450 9 10
2451 3 5
2451 1 4
2452 3 2
2452 13 10
2453 4 12
2453 3 8
2454 5 1
2454 16 1
2455 10 14
2455 9 16
2456 6 10
2457 2 6
2457 8 11
2458 5 4
2458 8 2
2459 3 4
2459 12 10
2460 4 15
2460 10 13
2461 3 15
2461 8 6
2462 3 9
2462 4 10
2463 2 4
2463 11 3
2464 9 15
2464 13 14
2465 6 13
2465 15 14
2466 3 4
2466 15 13
2467 2 16
2467 14 16
2468 7 2
2468 3 10
2469 2 13
2469 10 8
2470 5 11
2471 2 5
2471 1 9
2472 2 4
2472 1 5
2473 3 12
2473 13 3
2474 7 5
2474 7 2
2475 5 3
2475 10 14
2476 11 12
2476 14 1
2477 4 15
2477 5 3
2478 8 4
2478 15 12
2479 14 13
2479 16 14
2480 3 1
2480 15 7
2481 16 11
2481 9 16
2482 1 10
2482 9 12
2483 15 4
2483 4 2
2484 10 2
2484 16 6
2485 12 9
2485 4 5
2486 3 13
2486 11 16
2487 16 11
2487 10 8
2488 14 8
2489 3 11
2489 10 6
2490 8 5
2490 12 3
2491 9 4
2491 6 11
2492 10 13
2492 4 14
2493 1 7
2493 9 10
2494 15 16
2495 13 12
2495 3 1
2496 12 2
2496 12 10
2497 16 8
2497 6 5
2498 7 5
2498 3 1
2499 8 15
2499 2 10
2500 1 9
2500 10 6
2501 16 8
2501 11 5
2502 2 14
2502 15 9
2503 2 15
2503 16 5
2504 1 3
2504 15 7
2505 12 1
2505 12 13
2506 3 16
2506 16 12
2507 2 13
2507 1 16
2508 12 16
2508 12 13
2509 4 5
2509 8 6
2510 12 13
2511 11 3
2511 14 12
2512 3 6
2512 4 8
2513 11 14
2513 8 16
2514 13 1
2514 4 6
2515 10 3
2515 12 16
2516 13 1
2516 1 6
2517 5 11
2517 11 7
2518 16 14
2518 14 12
2519 7 2
2519 10 6
2520 3 16
2520 12 3
2521 14 1
2521 9 8
2522 6 9
2522 6 14
2523 2 8
2523 14 16
2524 2 9
2524 12 2
2525 2 12
2525 12 6
2526 9 7
2526 4 8
2527 2 7
2527 7 1
2528 11 15
2528 14 4
2529 13 15
2529 6 14
2530 13 3
2530 4 15
2531 11 6
2531 4 9
2532 4 10
2532 4 15
2533 3 2
2533 11 16
2534 10 3
2534 16 1
2535 7 11
2535 11 4
2536 10 1
2536 9 11
2537 2 1
2537 16 5
2538 10 12
2538 8 13
2539 7 14
2539 16 3
2540 7 12
2541 4 2
2541 16 9
2542 7 11
2542 9 16
2543 4 12
2544 13 9
2544 8 16
2545 16 13
2546 8 5
2546 1 4
2547 10 3
2547 1 16
2548 4 9
2548 6 11
2549 14 12
2549 8 11
2550 1 10
2550 15 10
2551 7 13
2551 16 15
2552 15 2
2552 8 1
2553 10 14
2553 16 9
2554 6 13
2554 6 15
2555 11 3
2555 10 8
2556 14 2
2556 6 4
2557 12 11
2557 6 12
2558 1 4
2559 8 9
2559 8 7
2560 4 9
2560 1 6
2561 1 9
2561 14 12
2562 11 1
2563 13 2
2563 15 1
2564 1 13
2564 10 5
2565 16 12
2566 1 10
2566 2 16
2567 10 1
2567 4 5
2568 7 13
2568 12 4
2569 15 16
2569 2 3
2570 6 16
2570 13 15
2571 3 10
2571 3 5
2572 4 13
2572 1 11
2573 2 6
2573 9 11
2574 11 1
2574 9 13
2575 12 6
2575 10 1
2576 6 8
2576 7 14
2577 16 2
2577 15 14
2578 13 16
2578 13 10
2579 9 16
2579 1 14
2580 6 13
2580 14 11
2581 10 5
2581 15 4
2582 13 11
2582 12 5
2583 14 15
2583 3 8
2584 5 4
2585 7 11
2585 15 4
2586 5 4
2586 7 1
2587 7 12
2587 16 14
2588 10 4
2588 5 2
2589 3 6
2589 14 16
2590 10 6
2590 14 1
2591 13 10
2591 5 3
2592 7 5
2593 2 4
2593 11 4
2594 3 16
2594 7 4
2595 15 14
2595 3 14
2596 5 6
2596 8 12
2597 3 6
2597 9 2
2598 3 16
2599 2 13
2599 15 7
2600 6 2
2600 12 15
2601 5 4
2601 16 6
2602 4 7
2602 10 15
2603 12 8
2604 14 1
2604 11 16
2605 11 6
2605 13 16
2606 7 5
2606 15 12
2607 16 10
2607 16 11
2608 15 9
2609 9 13
2609 5 14
2610 9 13
2611 16 4
2612 14 1
2612 10 3
2613 15 14
2613 4 11
2614 3 2
2614 14 13
2615 7 4
2615 6 16
2616 15 2
2616 4 14
2617 4 8
2617 12 10
2618 16 13
2618 10 12
2619 10 9
2619 5 9
2620 4 2
2620 13 5
2621 16 9
2621 12 10
2622 3 5
2622 10 8
2623 3 13
2623 15 8
2624 5 2
2624 3 5
2625 11 2
2625 4 1
2626 14 4
2626 6 10
2627 3 8
2628 9 16
2628 15 9
2629 13 12
2629 1 16
2630 7 16
2631 10 14
2631 12 8
2632 16 5
2632 16 7
2633 13 3
2633 10 3
2634 14 13
2634 3 11
2635 12 11
2635 10 3
2636 16 9
2636 15 14
2637 7 6
2637 13 16
2638 7 8
2638 7 6
2639 11 4
2639 15 7
2640 8 3
2640 13 6
2641 16 7
2641 9 3
2642 12 6
2642 1 10
2643 6 12
2643 16 14
2644 10 1
2644 1 4
2645 10 2
2645 3 10
2646 12 16
2646 16 9
2647 13 6
2647 14 9
2648 5 4
2648 5 14
2649 13 10
2649 7 4
2650 14 10
2650 14 3
2651 15 5
2651 10 15
2652 6 9
2652 4 11
2653 16 12
2653 10 5
2654 8 14
2654 11 5
2655 10 5
2655 10 4
2656 2 12
2656 2 11
2657 12 15
2657 11 6
2658 12 13
2658 14 10
2659 7 11
2659 9 2
2660 3 7
2660 8 10
2661 1 3
2661 11 8
2662 6 12
2662 14 11
2663 15 12
2663 16 4
2664 4 12
2664 6 4
2665 8 9
2665 12 9
2666 10 4
2666 16 6
2667 5 4
2667 10 7
2668 14 11
2668 5 4
2669 3 2
2669 16 3
2670 12 7
2670 2 13
2671 8 12
2672 9 3
2672 12 5
2673 7 3
2673 6 2
2674 14 13
2674 11 8
2675 7 6
2675 4 16
2676 2 1
2676 15 10
2677 12 1
2678 2 16
2679 13 15
2680 5 16
2680 4 11
2681 4 11
2681 5 3
2682 2 5
2682 1 13
2683 14 4
2683 16 4
2684 3 10
2684 16 7
2685 16 11
2686 16 6
2686 1 10
2687 2 16
2688 9 12
2688 7 14
2689 2 8
2689 7 11
2690 7 4
2690 13 16
2691 13 2
2691 5 3
2692 9 4
2692 14 12
2693 1 5
2694 1 15
2694 10 5
2695 9 6
2695 4 11
2696 11 5
2696 2 1
2697 8 16
2697 14 16
2698 12 1
2698 16 9
2699 12 8
2699 8 1
2700 1 6
2700 2 6
2701 14 16
2701 3 15
2702 6 16
2702 13 3
2703 5 15
2703 11 3
2704 3 2
2704 1 6
2705 7 14
2705 7 8
2706 2 4
2706 4 7
2707 3 10
2707 2 3
2708 1 2
2708 16 13
2709 10 5
2709 10 15
2710 4 13
2710 4 5
2711 10 7
2711 13 12
2712 5 3
2712 3 14
2713 10 1
2713 16 8
2714 3 13
2714 12 11
2715 14 8
2715 2 14
2716 10 16
2716 6 16
2717 11 16
2717 15 7
2718 14 11
2718 14 12
2719 4 3
2719 7 4
2720 3 16
2721 10 14
2722 9 2
2723 15 5
2723 10 1
2724 14 2
2724 12 10
2725 15 2
2725 16 4
2726 13 10
2727 13 9
2727 13 14
2728 13 12
2728 12 15
2729 14 13
2730 2 4
2730 9 15
2731 5 8
2731 1 9
2732 9 15
2732 8 14
2733 3 5
2733 2 10
2734 14 4
2734 16 11
2735 4 15
2735 4 6
2736 3 5
2736 15 4
2737 5 7
2738 11 2
2738 3 9
2739 7 2
2739 16 14
2740 6 13
2740 2 8
2741 11 5
2741 7 16
2742 8 13
2742 5 15
2743 2 8
2744 2 4
2744 4 12
2745 3 9
2745 12 5
2746 10 2
2747 14 5
2747 10 3
2748 7 12
2748 12 9
2749 4 7
2749 7 2
2750 6 14
2750 3 16
2751 10 11
2751 7 9
2752 8 7
2752 4 6
2753 6 11
2754 3 12
2754 14 10
2755 14 7
2756 10 5
2756 10 14
2757 4 5
2757 2 7
2758 4 10
2758 13 2
2759 16 4
2759 15 4
2760 8 1
2760 7 8
2761 7 16
2761 5 13
2762 7 8
2762 15 6
2763 8 9
2763 9 5
2764 3 12
2764 7 13
2765 11 1
2765 13 5
2766 9 5
2766 6 5
2767 13 10
2767 10 7
2768 6 12
2768 16 3
2769 11 9
2770 9 1
2771 11 2
2772 12 7
2772 10 8
2773 3 15
2773 3 5
2774 7 3
2774 6 2
2775 13 2
2775 6 9
2776 16 13
2777 13 7
2777 1 7
2778 1 12
2778 15 9
2779 6 2
2779 2 7
2780 7 5
2780 1 4
2781 16 13
2781 15 13
2782 8 12
2782 9 10
2783 4 11
2783 1 3
2784 12 6
2784 11 2
2785 13 14
2785 4 11
2786 3 10
2786 6 9
2787 14 9
2787 13 9
2788 9 7
2789 3 8
2789 13 1
2790 9 14
2790 10 12
2791 8 14
2791 2 8
2792 15 10
2792 6 10
2793 7 12
2793 4 1
2794 4 1
2794 16 6
2795 7 10
2795 5 12
2796 15 16
2796 8 10
2797 15 14
2798 11 2
2798 8 9
2799 2 16
2799 4 3
2800 12 8
2800 15 14
2801 8 7
2801 7 14
2802 14 13
2802 6 4
2803 3 4
2803 11 1
2804 1 16
2804 14 3
2805 12 5
2805 1 7
2806 6 4
2806 3 7
2807 3 16
2807 16 9
2808 7 1
2809 6 10
2809 6 4
2810 13 15
2810 13 9
2811 13 16
2811 7 11
2812 4 8
2812 3 10
2813 10 7
2813 15 7
2814 15 7
2814 12 10
2815 11 10
2815 9 14
2816 6 5
2816 13 2
2817 12 10
2817 10 6
2818 15 13
2819 15 6
2819 9 10
2820 4 12
2820 13 12
2821 1 15
2821 9 2
2822 6 7
2822 13 2
2823 1 13
2823 9 8
2824 5 11
2824 15 4
2825 3 11
2826 11 12
2826 16 7
2827 9 8
2827 5 14
2828 12 8
2828 15 9
2829 12 15
2829 8 7
2830 13 15
2830 2 3
2831 1 10
2831 4 15
2832 10 12
2832 9 1
2833 9 15
2833 2 14
2834 3 15
2834 13 2
2835 4 11
2836 2 12
2836 12 6
2837 5 8
2837 4 7
2838 9 6
2838 7 13
2839 7 3
2839 1 11
2840 8 6
2840 9 4
2841 3 4
2841 12 6
2842 5 8
2842 11 7
2843 2 4
2843 4 1
2844 5 4
2844 4 9
2845 15 8
2845 8 14
2846 12 7
2846 13 6
2847 11 8
2847 16 3
2848 3 6
2848 15 3
2849 7 11
2849 10 5
2850 13 15
2850 14 9
2851 5 2
2851 2 14
2852 6 10
2853 12 1
2853 4 2
2854 12 11
2854 6 15
2855 7 11
2855 7 2
2856 10 1
2856 9 12
2857 5 12
2857 2 11
2858 2 13
2858 6 4
2859 5 13
2859 10 9
2860 9 11
2860 5 3
2861 8 13
2861 7 4
2862 5 2
2863 7 9
2863 13 10
2864 4 3
2864 11 2
2865 3 1
2865 9 7
2866 3 13
2866 5 12
2867 6 4
2868 6 13
2868 7 3
2869 2 5
2870 5 11
2871 16 13
2871 11 13
2872 11 15
2872 14 12
2873 12 4
2873 14 2
2874 7 10
2874 1 10
2875 1 8
2875 7 15
2876 12 8
2877 10 7
2877 2 9
2878 4 6
2878 4 12
2879 11 12
2879 12 1
2880 13 14
2880 7 6
2881 16 1
2881 5 1
2882 11 9
2882 4 11
2883 1 9
2884 8 1
2884 14 12
2885 14 12
2885 6 2
2886 14 7
2886 12 2
2887 2 4
2887 15 14
2888 1 10
2888 16 15
2889 2 15
2889 2 16
2890 3 8
2890 8 10
2891 13 16
2891 4 12
2892 12 11
2892 13 6
2893 7 3
2893 3 4
2894 7 14
2894 13 9
2895 6 1
2895 11 4
2896 5 4
2896 2 1
2897 5 3
2897 1 8
2898 14 3
2898 7 5
2899 7 11
2899 11 5
2900 6 16
2900 3 15
2901 6 16
2901 11 5
2902 16 15
2903 10 12
2903 10 8
2904 4 14
2904 11 9
2905 7 13
2906 2 15
2906 2 7
2907 7 1
2907 9 7
2908 7 8
2908 13 12
2909 5 12
2909 9 10
2910 9 13
2910 6 2
2911 1 10
2911 8 5
2912 14 1
2912 11 8
2913 9 15
2913 6 14
2914 7 9
2914 11 3
2915 15 1
2916 7 11
2916 9 15
2917 12 5
2917 6 3
2918 14 7
2918 4 15
2919 13 9
2919 5 1
2920 9 6
2920 9 15
2921 4 10
2921 13 5
2922 14 9
2922 12 15
2923 2 7
2923 7 6
2924 12 11
2924 15 1
2925 5 2
2925 2 9
2926 9 11
2926 5 3
2927 13 11
2927 6 12
2928 4 1
2928 10 2
2929 11 1
2929 8 7
2930 5 14
2930 11 5
2931 5 12
2931 7 6
2932 8 11
2933 13 16
2933 7 2
2934 1 7
2934 13 16
2935 7 9
2935 7 14
2936 7 2
2936 15 9
2937 6 1
2938 7 4
2938 13 7
2939 13 4
2939 12 10
2940 9 5
2941 15 4
2941 5 3
2942 16 5
2942 12 10
2943 2 8
2943 15 6
2944 16 3
2944 9 12
2945 8 10
2945 13 16
2946 12 2
2946 10 13
2947 16 14
2947 16 5
2948 2 8
2948 1 15
2949 6 13
2950 8 6
2950 1 9
2951 2 7
2951 3 4
2952 6 10
2952 12 4
2953 9 16
2953 7 2
2954 7 9
2954 16 12
2955 2 5
2955 9 12
2956 4 14
2956 8 3
2957 14 1
2957 2 9
2958 12 10
2959 16 12
2959 5 6
2960 10 9
2961 2 3
2961 2 13
2962 9 11
2962 9 6
2963 15 8
2963 16 1
2964 6 11
2964 9 16
2965 16 10
2965 5 7
2966 16 15
2966 13 9
2967 8 2
2967 9 1
2968 12 4
2968 6 1
2969 6 1
2969 9 15
2970 14 2
2970 14 11
2971 7 11
2971 13 12
2972 8 14
2972 16 6
2973 4 7
2973 5 13
2974 3 2
2974 5 7
2975 8 6
2975 12 6
2976 15 5
2976 1 11
2977 5 3
2977 15 7
2978 7 3
2978 13 16
2979 15 12
2979 3 5
2980 5 2
2980 9 10
2981 11 13
2982 1 12
2983 6 4
2983 11 5
2984 8 16
2984 1 2
2985 15 3
2985 6 12
2986 2 7
2986 16 1
2987 4 13
2987 10 5
2988 6 15
2988 12 14
2989 14 7
2989 10 4
2990 3 13
2990 13 11
2991 7 3
2991 11 2
2992 11 15
2992 10 15
2993 11 10
2993 12 2
2994 5 10
2994 16 13
2995 9 1
2996 10 11
2996 13 10
2997 8 10
2997 15 11
2998 8 5
2998 3 4
2999 16 5
3000 8 1
3001 11 13
3001 16 3
3002 11 1
3002 10 11
3003 6 11
3003 6 4
3004 9 12
3004 1 13
3005 6 2
3005 7 2
3006 5 16
3006 10 16
3007 9 13
3007 1 4
3008 9 15
3008 15 9
3009 7 4
3009 9 8
3010 3 7
3010 13 14
3011 7 11
3011 9 6
3012 13 11
3012 14 10
3013 14 8
3013 12 3
3014 8 5
3014 16 8
3015 3 6
3015 4 2
3016 11 4
3016 2 4
3017 6 7
3017 1 2
3018 10 16
3018 6 4
3019 4 2
3019 6 14
3020 5 15
3020 3 14
3021 2 10
3021 11 7
3022 10 13
3022 2 13
3023 6 12
3023 1 13
3024 15 8
3024 8 11
3025 13 5
3026 8 12
3026 9 12
3027 15 3
3027 3 7
3028 12 2
3029 9 7
3029 15 8
3030 2 3
3030 9 15
3031 10 4
3031 2 10
3032 9 5
3032 11 12
3033 3 15
3033 4 3
3034 4 13
3034 8 13
3035 9 6
3035 4 8
3036 14 16
3036 5 8
3037 16 12
3037 2 11
3038 1 10
3038 7 6
3039 6 14
3039 16 5
3040 11 4
3040 7 4
3041 9 7
3041 11 2
3042 11 8
3042 12 10
3043 5 3
3043 1 2
3044 11 1
3044 13 15
3045 2 12
3045 5 8
3046 15 12
3046 8 6
3047 11 14
3047 13 9
3048 11 9
3048 10 7
3049 13 4
3049 12 14
3050 9 14
3050 3 12
3051 14 5
3051 12 11
3052 1 16
3052 11 8
3053 8 11
3053 5 3
3054 5 13
3054 10 1
3055 14 6
3056 5 12
3057 3 10
3058 4 14
3058 14 12
3059 12 14
3059 8 2
3060 11 12
3060 16 13
3061 15 16
3061 13 14
3062 16 7
3062 11 14
3063 1 9
3063 4 5
3064 4 7
3065 10 9
3066 5 1
3066 16 6
3067 15 4
3067 10 5
3068 11 8
3068 7 4
3069 1 11
3069 3 14
3070 11 16
3070 10 1
3071 10 16
3071 12 1
3072 15 9
3073 11 1
3074 16 12
3074 12 10
3075 9 7
3075 10 16
3076 5 6
3076 9 3
3077 7 12
3077 15 5
3078 7 15
3079 14 13
3079 11 4
3080 13 5
3080 11 13
3081 6 1
3081 8 7
3082 15 10
3083 16 1
3083 5 14
3084 11 5
3084 13 11
3085 8 3
3085 6 7
3086 12 14
3086 11 8
3087 12 5
3087 1 8
3088 8 15
3088 9 4
3089 5 15
3089 16 13
3090 3 14
3090 5 4
3091 4 11
3091 3 13
3092 8 4
3092 1 7
3093 9 16
3094 12 5
3094 6 13
3095 6 15
3095 12 16
3096 16 2
3096 9 16
3097 9 13
3097 2 15
3098 14 8
3098 1 15
3099 7 3
3099 6 3
3100 3 14
3100 5 11
3101 12 6
3101 16 6
3102 10 9
3102 16 15
3103 8 11
3103 13 12
3104 16 12
3104 2 10
3105 8 9
3105 13 12
3106 15 13
3106 3 6
3107 16 9
3107 16 8
3108 1 9
3108 15 7
3109 3 5
3109 12 11
3110 16 6
3110 12 14
3111 3 8
3111 15 7
3112 7 8
3112 16 5
3113 7 11
3114 7 9
3114 7 1
3115 12 2
3115 14 2
3116 6 1
3116 7 12
3117 12 13
3117 7 12
3118 5 3
3119 12 9
3119 12 8
3120 15 6
3120 2 7
3121 8 12
3121 11 9
3122 8 3
3122 6 3
3123 4 5
3123 2 15
3124 15 2
3124 6 8
3125 8 16
3125 4 15
3126 2 16
3126 12 13
3127 11 3
3127 3 8
3128 16 10
3128 4 13
3129 10 11
3129 11 16
3130 16 13
3130 4 12
3131 14 10
3131 10 8
3132 4 3
3133 7 11
3133 3 15
3134 4 16
3135 3 5
3135 5 8
3136 9 4
3136 1 7
3137 3 8
3138 4 5
3138 7 13
3139 16 8
3139 15 3
3140 15 1
3140 7 9
3141 16 4
3141 1 13
3142 14 10
3142 2 16
3143 12 5
3144 9 10
3144 15 6
3145 9 14
3145 14 16
3146 9 8
3146 8 11
3147 11 4
3147 10 13
3148 16 6
3148 14 10
3149 10 5
3149 10 11
3150 15 8
3150 3 6
3151 4 15
3151 7 15
3152 9 6
3152 5 12
3153 6 9
3154 8 7
3154 10 12
3155 13 12
3155 3 12
3156 9 4
3156 7 8
3157 2 15
3157 12 2
3158 5 13
3158 11 1
3159 13 5
3159 3 1
3160 15 14
3160 12 7
3161 2 10
3161 1 16
3162 12 1
3163 3 15
3163 1 13
3164 3 15
3164 15 10
3165 2 5
3165 13 3
3166 13 2
3166 3 5
3167 11 12
3167 7 3
3168 13 9
3168 1 12
3169 13 9
3169 13 4
3170 9 1
3170 10 16
3171 15 9
3171 7 2
3172 7 4
3172 12 4
3173 9 11
3174 15 12
3174 4 12
3175 6 10
3175 16 13
3176 9 4
3176 7 11
3177 1 12
3177 4 15
3178 4 11
3178 15 8
3179 12 15
3179 13 6
3180 16 15
3180 15 12
3181 6 16
3181 9 5
3182 1 2
3182 5 13
3183 10 15
3183 11 2
3184 6 8
3185 6 3
3185 1 8
3186 4 10
3186 2 15
3187 5 3
3187 12 16
3188 15 8
3188 10 14
3189 6 8
3190 11 9
3190 10 11
3191 9 13
3191 6 4
3192 14 5
3192 13 4
3193 15 16
3194 8 7
3194 8 10
3195 5 2
3195 10 11
3196 15 10
3196 9 14
3197 6 2
3197 8 7
3198 15 3
3198 1 15
3199 8 12
3199 14 10
3200 13 2
3200 1 16
3201 15 6
3201 10 12
3202 4 5
3202 3 16
3203 6 12
3203 13 1
3204 12 11
3204 9 5
3205 3 5
3205 1 10
3206 7 12
3206 12 14
3207 5 16
3207 11 8
3208 12 10
3208 2 8
3209 2 3
3210 13 9
3210 11 12
3211 14 13
3211 14 8
3212 5 15
3212 1 2
3213 15 7
3213 8 7
3214 4 2
3214 6 10
3215 8 3
3216 16 4
3217 11 10
3217 15 4
3218 5 10
3218 15 11
3219 7 6
3219 12 15
3220 16 3
3220 1 5
3221 2 12
3221 5 3
3222 5 4
3222 2 7
3223 5 15
3223 11 5
3224 2 16
3224 3 13
3225 6 16
3225 11 6
3226 6 7
3226 13 7
3227 9 3
3228 4 11
3228 10 6
3229 12 8
3229 13 1
3230 3 8
3230 4 3
3231 4 9
3231 11 8
3232 14 7
3232 13 5
3233 13 11
3233 15 7
3234 7 11
3234 10 3
3235 14 15
3236 4 11
3236 4 5
3237 11 9
3237 13 14
3238 11 2
3238 1 6
3239 7 8
3239 16 3
3240 13 9
3240 7 6
3241 14 15
3242 10 14
3243 13 16
3244 15 6
3244 4 10
3245 16 6
3245 2 12
3246 13 6
3246 12 3
3247 16 5
3247 6 13
3248 1 10
3249 7 1
3249 5 12
3250 15 5
3250 16 14
3251 14 6
3251 2 1
3252 13 9
3252 8 16
3253 7 8
3253 8 15
3254 16 11
3255 4 6
3255 7 2
3256 3 10
3256 3 7
3257 10 6
3257 13 12
3258 13 6
3258 3 15
3259 15 10
3260 14 12
3260 16 12
3261 4 1
3261 5 7
3262 7 12
3262 2 7
3263 9 12
3263 1 10
3264 8 13
3264 16 14
3265 3 16
3265 6 1
3266 10 8
3266 10 3
3267 1 15
3267 14 16
3268 9 5
3268 6 16
3269 16 12
3269 9 12
3270 5 6
3270 15 5
3271 16 9
3271 5 14
3272 7 8
3272 10 11
3273 9 5
3274 6 3
3274 16 15
3275 15 7
3275 4 11
3276 12 11
3276 9 5
3277 13 7
3277 1 10
3278 16 10
3278 5 8
3279 15 2
3279 16 6
3280 10 5
3280 16 8
3281 6 1
3281 7 4
3282 4 13
3282 11 16
3283 1 3
3283 4 11
3284 2 10
3284 13 1
3285 12 16
3285 11 1
3286 5 10
3286 2 9
3287 2 11
3288 3 5
3288 4 7
3289 13 11
3290 1 16
3290 15 4
3291 6 9
3291 6 15
3292 13 11
3292 10 8
3293 9 12
3293 5 3
3294 9 2
3294 2 12
3295 10 15
3295 9 8
3296 4 15
3297 6 11
3297 10 16
3298 6 13
3298 16 9
3299 14 15
3299 11 8
3300 7 6
3301 14 2
3302 5 4
3302 1 8
3303 15 12
3303 11 16
3304 10 2
3304 10 13
3305 11 12
3305 3 9
3306 12 5
3306 14 9
3307 6 13
3307 2 4
3308 11 14
3308 13 6
3309 11 5
3309 8 16
3310 8 9
3310 13 9
3311 16 12
3311 8 13
3312 5 8
3312 9 14
3313 13 6
3313 3 4
3314 1 11
3314 16 2
3315 16 9
3315 7 16
3316 11 5
3316 7 13
3317 16 6
3317 3 2
3318 16 3
3318 4 10
3319 12 3
3319 8 7
3320 8 16
3320 16 8
3321 3 9
3321 12 9
3322 16 10
3322 6 13
3323 16 14
3323 8 13
3324 10 14
3324 5 16
3325 6 14
3325 5 16
3326 16 8
3326 11 1
3327 6 9
3327 16 12
3328 4 1
3328 14 12
3329 13 11
3329 12 5
3330 8 3
3331 8 12
3332 5 2
3332 13 5
3333 12 8
3333 11 1
3334 3 5
3334 15 14
3335 12 11
3336 10 12
3336 11 15
3337 6 11
3337 16 13
3338 7 15
3339 13 1
3339 11 5
3340 2 9
3341 8 11
3341 12 3
3342 3 10
3342 14 11
3343 10 11
3343 14 15
3344 16 14
3344 4 5
3345 6 2
3346 15 4
3346 13 9
3347 13 3
3348 5 4
3348 9 7
3349 9 7
3349 13 14
3350 5 16
3351 11 15
3351 16 9
3352 3 6
3353 5 4
3353 1 8
3354 15 14
3354 7 2
3355 4 16
3355 11 9
3356 2 12
3357 15 4
3358 14 7
3358 2 6
3359 5 16
3360 4 16
3360 5 7
3361 4 10
3361 11 9
3362 1 2
3362 12 10
3363 3 8
3364 6 9
3364 9 13
3365 16 2
3365 6 13
3366 10 16
3366 9 11
3367 16 12
3367 5 3
3368 11 5
3368 8 13
3369 14 12
3369 1 6
3370 6 3
3370 11 6
3371 8 6
3371 9 13
3372 13 11
3372 9 13
3373 10 8
3373 13 4
3374 2 11
3374 13 8
3375 3 13
3375 13 1
3376 14 4
3376 15 12
3377 13 10
3377 2 15
3378 7 13
3378 16 2
3379 5 14
3379 13 12
3380 4 12
3380 4 14
3381 4 7
3381 9 8
3382 11 15
3382 14 1
3383 4 7
3383 9 6
3384 8 14
3384 9 16
3385 12 6
3385 4 9
3386 5 1
3386 1 5
3387 3 7
3387 16 4
3388 3 10
3388 16 12
3389 10 5
3389 11 16
3390 11 12
3390 11 10
3391 12 10
3391 1 14
3392 3 4
3392 10 8
3393 12 5
3393 1 3
3394 4 1
3394 5 9
3395 2 5
3395 9 11
3396 12 10
3396 9 14
3397 16 13
3397 1 15
3398 10 3
3398 16 14
3399 2 5
3399 7 2
3400 5 13
3400 11 5
3401 11 1
3401 11 9
3402 11 16
3402 13 8
3403 8 9
3403 16 3
3404 7 10
3404 3 9
3405 4 6
3405 4 16
3406 15 13
3406 15 4
3407 6 11
3407 8 7
3408 13 1
3409 8 13
3410 7 8
3411 12 2
3411 16 15
3412 13 4
3412 6 12
3413 7 5
3413 9 2
3414 15 7
3414 13 1
3415 8 2
3415 6 13
3416 1 12
3416 16 2
3417 10 12
3417 8 6
3418 4 12
3418 4 5
3419 3 8
3419 2 14
3420 7 4
3420 11 8
3421 2 1
3421 6 16
3422 7 13
3422 12 13
3423 15 13
3423 13 7
3424 11 4
3424 11 8
3425 12 1
3425 12 8
3426 13 14
3427 12 9
3427 8 13
3428 9 5
3428 14 5
3429 2 14
3429 9 2
3430 14 8
3430 10 4
3431 1 14
3431 14 3
3432 6 8
3432 12 15
3433 6 1
3433 14 6
3434 15 5
3434 1 7
3435 15 13
3435 4 11
3436 3 12
3436 7 9
3437 16 2
3437 15 7
3438 15 14
3438 16 12
3439 16 4
3440 5 1
3441 5 7
3441 11 3
3442 16 4
3442 8 11
3443 12 2
3443 8 16
3444 13 16
3444 12 13
3445 9 15
3445 11 2
3446 15 4
3447 11 13
3447 6 2
3448 16 15
3448 1 3
3449 1 16
3449 14 15
3450 9 3
3450 14 13
3451 4 11
3451 1 11
3452 14 2
3452 4 12
3453 16 5
3453 13 8
3454 10 16
3454 3 11
3455 12 14
3455 12 9
3456 5 15
3456 16 3
3457 1 11
3457 15 3
3458 11 12
3458 16 3
3459 6 15
3459 3 5
3460 11 8
3460 5 1
3461 15 16
3461 5 15
3462 3 14
3462 14 5
3463 10 12
3463 10 7
3464 15 8
3464 15 7
3465 4 9
3465 5 15
3466 6 11
3466 10 3
3467 13 7
3467 14 2
3468 9 1
3468 14 9
3469 3 9
3469 8 11
3470 4 11
3470 10 1
3471 8 3
3471 4 6
3472 7 5
3472 16 12
3473 10 16
3473 2 10
3474 15 6
3474 12 5
3475 8 7
3475 15 13
3476 9 15
3476 11 4
3477 14 12
3477 11 16
3478 14 13
3478 14 12
3479 10 14
3479 2 10
3480 6 2
3481 4 1
3482 6 5
3482 6 1
3483 4 7
3483 10 16
3484 1 6
3484 16 6
3485 7 13
3485 6 12
3486 15 5
3486 6 12
3487 6 11
3487 3 8
3488 2 3
3488 15 10
3489 5 14
3489 1 7
3490 4 9
3490 5 6
3491 15 8
3491 15 2
3492 1 13
3492 2 14
3493 12 1
3494 14 7
3494 2 13
3495 13 16
3495 2 14
3496 4 5
3496 10 3
3497 7 8
3497 2 8
3498 15 16
3499 5 8
3499 4 10
3500 10 13
3500 16 7
3501 3 11
3501 10 6
3502 16 7
3502 2 1
3503 13 3
3503 8 3
3504 4 12
3504 14 5
3505 13 14
3505 5 7
3506 14 8
3506 4 14
3507 8 14
3507 2 7
3508 4 11
3508 12 2
3509 1 2
3509 12 14
3510 7 12
3510 10 2
3511 8 7
3511 14 9
3512 6 16
3512 11 3
3513 16 15
3513 15 12
3514 9 1
3514 3 7
3515 16 5
3515 6 15
3516 11 2
3516 6 11
3517 4 14
3517 11 1
3518 16 5
3518 10 16
3519 10 14
3519 1 7
3520 11 10
3520 2 14
3521 14 4
3521 7 3
3522 8 12
3522 1 4
3523 14 16
3523 15 4
3524 2 3
3525 8 14
3525 10 2
3526 1 8
3526 10 3
3527 13 1
3527 8 12
3528 10 1
3529 5 6
3529 9 15
3530 14 1
3530 12 8
3531 9 11
3531 14 12
3532 7 16
3532 11 9
3533 3 7
3533 6 16
3534 7 5
3534 10 1
3535 2 16
3535 3 1
3536 13 4
3536 8 13
3537 11 14
3537 9 15
3538 10 3
3538 2 7
3539 16 3
3539 8 9
3540 4 8
3540 10 11
3541 6 14
3541 4 5
3542 8 10
3542 10 7
3543 2 8
3543 12 10
3544 15 2
3544 3 7
3545 8 1
3545 5 14
3546 10 3
3547 5 15
3547 3 7
3548 3 11
3548 7 10
3549 11 16
3549 8 7
3550 13 9
3550 3 11
3551 9 1
3551 14 5
3552 13 8
3552 15 6
3553 14 5
3553 16 13
3554 8 13
3554 8 9
3555 8 10
3556 5 6
3556 9 10
3557 9 2
3558 11 13
3558 6 9
3559 8 5
3559 13 1
3560 2 11
3560 11 15
3561 5 15
3561 12 2
3562 16 11
3562 9 5
3563 1 4
3563 7 14
3564 1 15
3565 1 15
3565 13 16
3566 9 8
3567 8 5
3567 5 13
3568 16 15
3568 14 1
3569 14 7
3569 4 11
3570 10 7
3570 9 13
3571 9 12
3571 8 12
3572 1 10
3572 13 16
3573 16 12
3573 10 2
3574 2 9
3574 11 16
3575 6 5
3575 3 10
3576 15 7
3576 5 11
3577 13 1
3577 4 6
3578 2 16
3578 16 7
3579 16 11
3580 15 1
3581 7 16
3581 1 16
3582 1 11
3582 6 2
3583 8 4
3583 5 13
3584 7 12
3585 16 9
3585 10 12
3586 8 9
3586 4 11
3587 4 1
3587 15 5
3588 3 1
3589 13 9
3589 1 10
3590 16 5
3590 7 8
3591 14 8
3591 2 13
3592 7 14
3592 4 11
3593 1 3
3593 11 14
3594 8 4
3594 14 4
3595 9 11
3595 12 9
3596 3 6
3597 16 7
3597 13 10
3598 11 13
3598 7 15
3599 15 4
3599 8 9