0 8 3
0 10 1
0 10 8
0 9 2
0 1 10
0 8 4
0 4 5
0 7 10
0 7 1
0 3 1
0 6 2
0 4 6
0 8 4
0 3 7
0 6 9
0 5 10
0 6 9
0 2 9
0 3 1
0 10 6
0 3 6
0 3 8
0 7 10
0 2 6
0 4 9
0 5 3
0 10 8
0 8 1
0 5 2
0 8 9
0 10 1
0 6 1
0 8 10
0 3 1
0 6 9
0 6 8
0 1 8
0 10 1
0 6 4
0 1 9
0 9 5
0 9 5
0 6 10
0 7 2
0 2 9
0 8 7
0 5 6
0 9 7
0 5 4
0 3 5
0 9 6
0 8 3
0 3 7
0 10 7
0 7 10
0 10 2
0 9 1
0 2 6
0 3 4
0 1 10
0 7 4
0 4 9
0 8 6
0 5 2
0 2 10
0 9 2
0 3 4
0 9 5
0 2 6
0 3 9
0 7 6
0 6 3
0 9 3
0 2 8
0 4 7
0 5 8
0 8 3
0 10 7
0 4 3
0 4 1
0 6 3
0 8 9
0 2 4
0 1 4
0 5 2
0 3 10
0 1 7
0 10 7
0 3 6
0 7 2
0 7 2
0 2 6
0 2 5
0 4 8
0 3 9
0 3 1
0 3 5
0 2 3
0 10 8
0 8 9
0 4 10
0 1 5
0 3 4
0 3 8
0 4 3
0 2 7
0 10 5
0 9 10
0 2 10
0 7 9
0 4 1
0 7 8
0 9 5
0 4 6
0 7 3
0 7 10
0 7 6
0 1 10
0 4 6
0 4 2
0 10 3
0 2 1
0 10 4
0 5 10
0 3 8
0 6 1
0 6 7
0 9 7
0 8 10
0 7 4
0 10 2
0 1 4
0 9 3
0 5 3
0 2 3
0 2 6
0 6 9
0 8 9
0 8 9
0 1 7
0 7 9
0 3 4
0 7 4
0 3 8
0 4 6
0 9 6
0 2 9
0 2 5
0 8 1
0 2 9
0 3 7
0 4 10
0 3 8
0 3 10
0 6 10
0 10 7
0 8 7
0 10 9
0 8 2
0 2 5
0 10 8
0 9 4
0 3 7
0 3 10
0 9 7
0 10 6
0 10 8
0 5 2
0 7 9
0 9 8
0 10 1
0 8 9
0 2 10
0 8 4
0 8 6
0 7 4
0 9 6
0 6 10
0 5 10
0 1 4
0 8 2
0 2 6
0 1 5
0 1 8
0 4 9
0 5 3
0 10 7
0 10 1
0 2 1
0 2 7
0 2 3
0 7 3
0 3 5
0 8 6
0 4 1
0 2 8
0 4 8
0 1 6
0 9 10
0 2 5
0 3 8
0 3 9
0 10 5
0 7 4
0 3 1
0 9 7
0 9 10
0 5 6
0 9 5
0 7 8
0 5 1
0 1 2
0 9 6
0 10 9
0 6 3
0 7 8
0 10 8
0 9 5
0 9 2
0 8 4
0 10 9
0 10 7
0 2 10
0 4 3
0 3 1
0 6 9
0 6 9
0 10 8
0 1 9
0 9 10
0 10 2
0 4 1
0 4 6
0 1 6
0 3 9
0 1 9
0 10 2
0 6 4
0 9 6
0 7 6
0 3 4
0 3 10
0 6 3
0 3 4
0 2 8
0 4 7
0 3 10
0 9 6
0 8 3
0 4 7
0 7 2
0 8 1
0 10 1
0 2 8
0 6 4
0 1 2
0 7 4
0 1 3
0 5 8
0 7 2
0 2 3
0 7 3
0 1 8
0 4 3
0 1 9
0 4 8
0 1 3
0 3 8
0 9 2
0 2 1
0 6 10
0 8 10
0 10 8
0 6 4
0 1 2
0 4 3
0 5 6
0 5 4
0 3 9
0 8 1
0 10 1
0 9 8
0 4 10
0 6 8
0 7 10
0 7 9
0 9 10
0 5 9
0 2 5
0 7 4
0 6 3
0 10 9
0 4 5
0 4 5
0 8 2
0 2 10
0 6 9
0 7 10
0 2 5
0 10 5
0 9 2
0 3 8
0 1 5
0 1 10
0 7 3
0 9 3
0 7 1
0 3 10
0 10 5
0 5 9
0 6 9
0 3 1
0 9 7
0 7 1
0 5 8
0 2 6
0 2 9
0 1 5
0 4 9
0 2 4
0 7 8
0 10 3
0 2 4
0 4 5
0 8 6
0 5 1
0 3 6
0 5 9
0 3 8
0 1 5
0 7 10
0 8 4
0 2 1
0 10 4
0 4 3
0 3 8
0 1 3
0 7 8
0 4 5
0 9 7
0 3 1
0 6 5
0 3 7
0 1 8
0 8 9
0 2 9
0 4 10
0 10 4
0 3 4
0 7 5
0 4 10
0 1 10
0 3 6
0 1 5
0 1 5
0 1 2
0 5 9
0 10 9
0 6 2
0 5 9
0 1 8
0 5 10
0 2 9
0 10 4
0 4 10
0 9 4
0 10 3
0 8 3
0 2 1
0 5 2
0 6 5
0 1 10
0 7 10
0 6 2
0 5 4
0 7 2
0 5 4
0 1 4
0 9 6
0 5 1
0 9 1
0 7 1
0 4 8
0 1 5
0 5 3
0 8 7
0 1 2
0 5 9
0 10 5
0 2 1
0 3 9
0 9 1
0 9 6
0 6 4
0 7 1
0 1 6
0 9 10
0 3 5
0 3 1
0 4 3
0 9 8
0 9 2
1 6 1
1 8 6
2 6 8
3 6 8
3 6 8
4 3 6
4 9 7
5 2 6
5 2 10
6 8 10
7 2 5
7 8 2
8 10 7
8 9 3
9 2 7
10 9 5
10 9 1
11 7 8
12 6 5
12 7 8
13 10 8
13 8 3
14 9 4
14 8 5
15 10 9
16 2 7
16 10 3
17 1 6
18 5 8
19 4 6
20 1 5
20 9 2
21 5 1
21 10 6
22 9 2
22 4 5
23 5 6
24 10 7
24 6 3
25 6 7
26 5 3
26 9 7
27 6 2
27 1 9
28 9 3
29 3 8
29 4 7
30 5 1
30 8 2
31 6 3
32 10 1
32 6 3
33 4 5
33 8 4
34 8 1
34 10 2
35 9 6
35 9 6
36 1 9
36 10 5
37 5 9
37 10 2
38 3 5
39 8 10
39 6 7
40 3 6
41 3 10
41 9 10
42 6 2
43 9 3
43 6 1
44 4 2
44 4 7
45 6 4
46 9 6
47 6 4
47 9 5
48 10 7
48 6 5
49 5 3
49 3 9
50 5 1
50 7 5
51 8 1
51 2 4
52 3 2
52 10 4
53 2 5
53 3 10
54 7 10
55 6 10
55 5 3
56 6 9
56 7 2
57 10 8
58 7 1
59 6 4
60 7 10
61 2 10
62 6 7
63 9 5
64 2 10
64 8 9
65 2 9
65 5 6
66 1 6
67 1 8
68 3 9
69 6 9
69 3 10
70 9 8
71 6 1
72 8 6
72 4 10
73 4 5
73 9 5
74 10 8
74 8 10
75 6 2
75 2 10
76 2 8
76 10 8
77 2 1
78 4 1
79 2 4
79 2 6
80 5 10
80 4 1
81 5 3
81 3 5
82 9 6
83 5 2
83 8 2
84 2 7
84 2 8
85 1 8
86 10 2
86 9 4
87 5 10
88 2 7
88 4 9
89 1 2
90 2 3
90 6 5
91 3 10
92 10 3
93 4 1
94 6 8
95 10 3
96 9 4
96 10 9
97 2 7
98 6 2
99 10 5
99 9 3
100 3 1
101 10 7
102 2 4
103 5 1
103 3 7
104 9 3
105 7 1
105 8 6
106 2 4
106 1 6
107 4 9
107 6 9
108 9 5
108 2 9
109 5 10
109 8 1
110 10 7
110 1 9
111 2 6
111 4 7
112 5 1
113 1 3
113 8 5
114 2 5
114 1 10
115 8 5
115 8 2
116 7 1
116 3 5
117 10 9
117 8 6
118 6 2
119 7 5
120 3 7
121 2 3
121 1 9
122 8 4
122 3 2
123 6 4
124 10 7
125 9 8
125 5 3
126 8 2
126 7 1
127 9 10
127 6 8
128 3 10
128 5 6
129 2 4
130 8 4
130 10 1
131 8 1
131 4 10
132 7 6
132 8 1
133 3 10
133 10 9
134 8 5
134 7 10
135 10 4
135 5 1
136 10 2
137 1 6
137 5 3
138 5 7
138 7 2
139 8 4
139 8 7
140 10 4
141 2 10
142 5 9
142 6 10
143 10 9
143 6 3
144 9 7
144 5 9
145 10 2
145 7 8
146 4 9
146 1 8
147 10 1
148 5 10
148 8 9
149 7 9
150 4 6
150 7 1
151 3 2
152 4 7
152 6 1
153 3 4
153 2 9
154 2 5
154 8 2
155 7 10
156 9 6
156 6 10
157 8 4
158 5 10
159 4 9
160 10 3
160 3 10
161 6 5
161 5 1
162 10 1
163 7 1
163 1 4
164 2 10
164 9 5
165 4 7
165 7 9
166 8 6
166 8 9
167 9 3
167 6 4
168 7 1
169 8 6
169 1 4
170 10 3
170 1 5
171 9 2
172 9 10
172 9 6
173 4 5
173 3 5
174 7 10
174 3 7
175 6 9
175 9 5
176 1 5
176 10 8
177 7 4
177 2 6
178 8 1
178 2 1
179 8 7
180 4 9
181 4 5
182 6 9
183 10 5
184 4 9
184 10 7
185 8 10
186 3 10
186 2 7
187 3 2
188 3 1
189 7 8
190 6 10
190 3 9
191 8 9
191 8 4
192 7 2
193 5 2
194 5 9
195 3 4
196 6 10
197 1 5
198 1 7
198 7 8
199 8 7
199 7 6
200 3 6
200 10 4
201 4 3
201 4 7
202 7 2
202 9 10
203 9 4
203 6 2
204 7 3
204 1 8
205 2 6
205 7 3
206 1 8
207 1 4
208 8 2
208 3 8
209 5 1
209 8 2
210 9 1
211 4 7
212 8 5
212 4 1
213 1 10
214 8 2
214 9 10
215 2 9
216 8 2
216 3 2
217 1 2
217 1 7
218 6 9
219 7 1
220 9 7
221 2 4
221 2 1
222 2 3
222 4 9
223 10 2
224 5 1
225 9 10
226 2 8
227 3 4
228 2 6
228 8 2
229 8 3
230 8 5
230 3 4
231 2 4
231 9 2
232 6 5
233 9 6
233 6 7
234 1 4
234 5 3
235 7 1
235 7 4
236 10 5
236 9 2
237 3 4
237 8 4
238 2 4
238 6 1
239 10 9
239 9 7
240 8 1
241 2 7
241 10 1
242 9 8
243 2 10
244 7 5
245 2 10
246 4 1
247 2 6
247 9 7
248 7 8
248 8 9
249 10 7
249 7 5
250 9 6
250 3 7
251 1 6
251 10 3
252 4 8
253 10 6
253 1 10
254 5 3
254 8 6
255 5 3
255 4 1
256 7 10
256 10 3
257 2 5
258 9 7
258 7 6
259 2 10
260 4 1
260 1 9
261 6 7
262 7 9
262 4 5
263 1 2
263 7 4
264 1 9
265 5 8
266 8 10
266 7 9
267 4 1
267 6 8
268 10 3
268 7 1
269 4 2
270 6 1
270 4 8
271 7 1
271 1 6
272 2 7
273 7 6
273 7 9
274 1 5
274 8 5
275 9 5
276 9 10
277 9 8
278 6 1
279 3 5
279 1 7
280 8 2
281 8 6
281 3 1
282 7 5
283 2 6
283 3 7
284 9 8
285 2 9
285 9 4
286 3 5
287 10 3
288 6 9
289 10 4
290 9 8
291 3 2
292 3 5
292 2 7
293 10 7
293 3 2
294 9 5
294 3 8
295 5 1
296 9 8
296 6 9
297 9 8
297 10 9
298 1 3
299 9 3
300 9 6
300 5 9
301 9 6
301 5 9
302 10 6
302 10 5
303 3 8
304 6 2
304 6 9
305 3 5
306 2 8
306 1 7
307 5 6
307 8 2
308 10 4
308 4 6
309 10 1
310 3 10
310 3 8
311 1 7
312 2 10
313 7 2
313 7 2
314 4 5
315 5 2
316 6 9
316 8 4
317 6 1
318 4 6
319 2 8
320 8 3
320 6 5
321 4 8
322 3 4
322 9 6
323 4 1
323 8 9
324 10 7
324 1 8
325 6 10
325 10 4
326 7 8
326 9 8
327 7 5
328 5 2
328 1 2
329 3 9
329 3 2
330 8 7
331 4 10
332 4 5
333 9 6
334 7 8
334 10 7
335 4 2
336 10 1
336 7 8
337 5 2
338 10 7
339 9 1
339 8 6
340 6 9
340 8 7
341 6 9
341 8 9
342 3 4
343 4 7
344 7 10
345 3 8
346 8 2
346 1 9
347 2 7
347 1 6
348 1 8
348 5 6
349 7 2
349 9 1
350 4 3
350 10 7
351 6 8
352 10 9
353 9 3
353 4 8
354 9 7
354 7 10
355 1 10
356 7 1
356 10 1
357 1 3
358 6 2
358 1 7
359 2 6
359 2 10
360 10 7
361 6 4
361 4 7
362 2 9
362 6 9
363 3 5
363 4 3
364 5 2
364 6 2
365 4 5
365 2 9
366 4 2
367 9 10
367 7 9
368 4 8
368 8 6
369 2 10
369 3 4
370 9 5
371 6 4
372 4 6
372 1 9
373 1 9
373 6 2
374 2 5
375 2 6
375 3 7
376 2 7
376 6 3
377 1 3
377 9 3
378 7 2
378 4 7
379 5 3
379 1 6
380 7 4
380 5 1
381 10 3
382 9 10
382 2 5
383 8 9
384 3 9
385 9 6
386 9 2
386 3 10
387 8 9
387 6 1
388 7 6
389 3 4
390 4 1
390 7 9
391 10 1
392 8 6
393 8 1
393 3 6
394 4 2
395 2 9
396 10 2
397 2 3
398 3 5
399 6 7
399 1 9
400 5 7
401 3 10
401 7 4
402 8 6
403 1 9
403 10 7
404 6 5
405 8 2
406 9 5
407 4 6
408 1 5
408 9 1
409 7 6
409 6 9
410 5 10
410 9 1
411 7 9
412 3 1
413 1 5
413 3 8
414 5 2
414 3 9
415 1 3
416 1 4
416 2 10
417 8 10
417 2 7
418 6 1
419 4 9
420 4 8
420 1 4
421 6 10
422 4 8
423 10 2
424 10 7
425 1 5
425 7 5
426 2 5
426 3 2
427 3 7
428 4 5
428 8 6
429 2 8
430 7 4
430 2 4
431 5 3
432 7 9
432 8 10
433 6 2
433 3 10
434 5 8
435 3 4
436 10 6
437 1 10
437 1 9
438 9 10
438 9 4
439 9 7
440 6 9
440 7 5
441 6 9
442 9 7
442 7 9
443 1 3
444 7 6
445 2 1
445 9 5
446 8 7
446 6 7
447 10 9
447 7 2
448 3 7
448 4 8
449 2 8
449 6 4
450 2 4
450 1 2
451 9 7
451 4 1
452 5 2
452 4 10
453 5 2
453 3 1
454 3 4
455 8 4
455 6 3
456 1 8
456 3 5
457 4 6
457 8 4
458 4 1
459 3 6
460 9 7
460 4 2
461 5 1
462 5 9
462 1 3
463 8 9
464 6 9
464 1 4
465 1 10
465 2 8
466 8 1
467 7 3
468 3 6
468 9 2
469 8 7
470 4 2
470 10 9
471 9 4
471 5 2
472 9 3
472 9 8
473 3 4
473 6 7
474 1 8
474 10 7
475 9 2
475 1 9
476 10 6
477 2 9
477 7 8
478 9 8
478 2 8
479 5 9
480 4 5
480 6 5
481 3 6
482 5 2
482 5 4
483 3 1
483 5 8
484 2 10
484 2 10
485 1 7
485 3 2
486 7 8
486 8 3
487 10 1
487 10 3
488 5 1
488 8 9
489 6 5
490 4 6
491 10 6
491 6 4
492 1 4
492 3 5
493 7 2
494 8 10
494 1 10
495 7 5
496 2 5
497 1 5
497 4 3
498 2 7
498 6 9
499 6 2
500 2 3
500 8 10
501 8 1
501 2 10
502 1 2
502 6 1
503 3 7
503 1 2
504 8 2
505 3 1
505 7 10
506 1 2
506 6 3
507 8 7
507 4 1
508 7 9
509 9 6
510 2 1
510 4 2
511 2 4
511 5 10
512 10 2
513 5 6
513 8 2
514 7 10
515 4 7
516 10 4
517 6 2
517 6 7
518 5 8
519 7 10
520 2 5
520 6 9
521 8 7
521 1 10
522 8 4
522 9 2
523 1 7
524 4 1
524 9 5
525 10 6
525 4 6
526 7 2
527 2 5
528 5 10
528 2 10
529 5 2
530 10 5
530 6 3
531 10 2
531 9 8
532 5 8
532 6 10
533 9 1
533 9 4
534 8 5
535 8 3
535 10 1
536 4 2
537 8 9
538 2 7
538 8 1
539 3 10
539 7 4
540 3 4
540 8 1
541 5 4
541 6 8
542 8 7
543 2 9
544 8 1
545 2 10
545 3 7
546 3 8
547 7 10
547 10 8
548 3 10
548 4 3
549 8 6
549 6 7
550 6 7
551 4 7
551 6 10
552 7 10
553 1 8
553 10 9
554 1 7
555 6 5
555 5 7
556 6 1
557 4 3
557 6 3
558 4 10
558 9 5
559 7 3
559 10 7
560 7 5
561 6 10
561 6 3
562 2 5
562 8 7
563 6 5
564 1 10
565 2 1
566 8 6
566 3 1
567 2 9
567 3 10
568 3 8
569 9 4
570 2 10
570 2 3
571 10 9
571 6 4
572 2 4
573 5 3
574 10 6
574 1 9
575 5 4
576 7 1
577 4 3
577 7 4
578 3 6
578 3 7
579 7 9
579 1 3
580 5 10
580 9 6
581 1 3
581 2 9
582 5 8
582 8 10
583 7 10
584 5 1
584 2 6
585 9 7
585 5 6
586 1 8
587 5 8
587 1 4
588 10 3
588 7 2
589 3 8
590 9 8
590 10 1
591 4 9
592 9 2
592 3 2
593 10 2
594 2 1
594 5 1
595 10 7
595 4 8
596 5 10
597 8 10
597 1 10
598 8 10
598 8 6
599 3 4
599 9 6
600 7 9
600 5 6
601 5 2
601 10 5
602 10 9
602 2 8
603 3 7
604 1 6
604 5 8
605 3 4
606 8 2
606 1 2
607 9 5
607 5 7
608 10 3
608 4 1
609 2 4
610 10 4
610 5 8
611 4 9
611 6 4
612 1 3
613 1 9
613 7 1
614 8 2
614 5 2
615 1 10
616 3 7
616 5 1
617 2 9
617 8 3
618 9 10
618 5 7
619 5 7
620 2 4
620 2 6
621 8 10
622 10 7
623 9 4
624 9 7
625 4 7
625 5 1
626 5 2
626 7 9
627 1 10
628 2 3
628 2 5
629 4 10
629 6 10
630 2 1
630 4 7
631 9 5
632 7 2
632 1 5
633 9 10
633 9 2
634 10 1
635 8 3
635 3 8
636 6 3
637 7 10
637 8 10
638 9 10
638 1 2
639 2 1
640 2 7
640 3 2
641 8 1
641 5 3
642 10 8
643 2 6
643 1 2
644 8 1
645 9 8
645 9 3
646 1 7
646 1 7
647 3 6
647 3 2
648 8 1
648 6 4
649 3 5
649 7 4
650 8 1
650 3 5
651 3 2
651 10 9
652 6 5
652 6 8
653 4 2
653 9 5
654 3 10
655 4 9
655 8 7
656 5 1
657 9 2
658 3 8
658 2 6
659 3 4
660 9 2
661 8 1
662 2 10
662 1 9
663 6 9
663 5 4
664 10 8
664 10 1
665 8 1
665 3 6
666 7 4
667 4 7
668 7 5
669 6 10
670 9 5
670 2 7
671 6 5
671 1 8
672 9 5
672 9 7
673 1 3
674 7 3
674 2 3
675 6 2
675 7 1
676 2 4
677 7 4
678 8 3
678 2 4
679 2 4
679 5 7
680 10 4
680 1 7
681 10 9
681 5 3
682 1 6
682 9 8
683 4 9
683 6 8
684 6 8
684 5 6
685 8 2
685 5 10
686 7 4
686 10 6
687 9 7
687 8 6
688 7 3
688 4 2
689 8 7
690 10 9
691 7 4
691 1 7
692 3 6
693 5 7
693 1 6
694 10 7
694 3 9
695 4 8
695 7 1
696 6 1
696 4 3
697 4 6
697 4 6
698 9 6
699 7 9
699 10 5
700 9 5
700 7 8
701 7 6
701 1 8
702 8 5
702 3 2
703 9 7
703 7 6
704 8 2
705 5 6
706 3 2
706 6 8
707 6 7
707 9 10
708 10 8
708 6 9
709 1 10
709 8 1
710 9 6
710 3 10
711 4 2
711 8 5
712 6 2
712 7 9
713 3 6
714 3 2
714 1 4
715 2 5
715 6 2
716 9 10
717 8 3
717 2 4
718 2 4
718 2 4
719 2 8
719 4 9
720 9 10
721 1 7
721 5 9
722 5 3
722 2 8
723 1 2
723 5 10
724 6 4
725 6 1
726 7 9
727 1 10
728 2 7
728 7 3
729 9 6
730 1 3
730 3 5
731 10 6
731 7 6
732 5 7
732 2 7
733 7 2
734 8 9
735 7 8
735 2 5
736 5 2
736 6 5
737 4 2
738 9 10
739 4 5
740 3 8
740 5 3
741 3 4
742 6 8
742 5 10
743 3 8
743 2 8
744 5 2
744 3 8
745 10 9
745 6 7
746 7 8
747 8 2
748 2 8
748 10 1
749 6 7
750 6 9
751 4 9
751 5 10
752 5 10
753 8 3
753 3 8
754 1 6
755 6 5
755 10 7
756 1 9
756 6 5
757 7 9
757 9 4
758 4 2
759 2 10
759 4 9
760 10 8
760 7 8
761 4 9
761 2 7
762 7 2
763 1 9
764 10 4
764 9 4
765 4 1
766 10 3
766 10 6
767 4 1
767 3 6
768 2 8
769 2 3
770 5 8
771 10 7
772 6 10
772 1 10
773 9 5
773 8 9
774 9 1
775 8 3
776 3 9
776 2 6
777 10 7
777 5 10
778 2 7
778 3 4
779 9 6
779 8 10
780 4 8
780 8 7
781 2 4
781 5 9
782 10 6
783 10 9
784 6 2
784 9 8
785 7 10
786 2 1
786 2 10
787 4 7
787 6 7
788 6 9
788 7 5
789 7 5
790 9 4
790 3 7
791 9 7
791 5 2
792 2 1
793 5 4
793 4 1
794 3 8
795 2 4
796 10 4
797 3 5
798 6 5
798 7 4
799 10 1
799 9 8
800 10 6
800 5 4
801 7 4
801 2 4
802 5 3
802 1 9
803 9 2
803 7 3
804 4 8
804 1 5
805 2 7
805 2 9
806 2 5
806 1 8
807 4 8
807 6 3
808 6 3
809 9 6
810 10 5
811 10 1
811 7 9
812 10 1
812 6 8
813 3 8
814 7 10
815 6 5
815 3 1
816 7 9
816 5 2
817 7 5
818 2 6
819 1 7
820 6 9
820 1 8
821 5 1
821 4 3
822 8 4
822 6 4
823 8 7
824 9 10
825 6 1
826 10 2
826 4 2
827 5 2
828 9 1
828 3 10
829 7 6
830 3 2
831 8 7
831 7 9
832 6 7
833 7 1
833 8 9
834 4 7
835 4 1
836 10 2
837 5 3
837 4 6
838 6 3
838 7 6
839 7 6
839 7 10
840 4 5
840 8 4
841 1 8
842 7 3
842 6 1
843 4 3
843 5 1
844 10 8
845 5 7
846 10 1
846 9 10
847 4 9
848 3 6
849 10 9
849 4 2
850 5 7
851 9 8
852 5 1
852 1 7
853 7 5
854 8 1
854 6 4
855 4 8
856 5 2
856 1 5
857 4 9
858 7 5
858 8 9
859 7 10
860 1 3
860 2 4
861 5 1
861 2 7
862 3 10
863 6 4
864 8 1
864 2 8
865 7 5
865 9 3
866 2 6
866 1 7
867 7 4
868 2 4
868 10 6
869 5 3
870 9 1
870 3 2
871 7 10
871 4 7
872 8 3
873 8 1
873 4 5
874 7 10
874 1 2
875 10 7
875 8 10
876 9 5
876 1 7
877 2 9
878 1 8
878 5 1
879 7 5
879 2 10
880 5 10
880 1 8
881 3 2
881 6 2
882 2 1
883 5 7
884 3 4
885 1 10
886 4 1
886 1 3
887 9 4
887 8 1
888 4 9
888 7 10
889 10 3
890 9 7
890 6 3
891 8 9
892 6 8
892 5 7
893 4 3
894 6 8
894 1 3
895 1 9
895 4 5
896 4 2
896 6 3
897 6 8
898 6 3
899 3 1
900 9 4
901 6 5
901 1 4
902 7 1
902 8 2
903 2 1
904 9 6
904 10 3
905 5 2
905 2 5
906 8 3
907 8 6
907 1 3
908 2 10
908 8 7
909 3 4
909 4 5
910 6 9
910 5 1
911 2 7
911 5 1
912 3 2
913 8 1
913 4 9
914 10 6
914 9 1
915 6 7
915 1 6
916 2 5
917 4 2
917 6 10
918 6 7
918 4 8
919 4 10
919 5 2
920 2 3
920 3 5
921 9 8
921 4 10
922 2 7
922 3 9
923 1 6
923 10 5
924 9 4
924 7 4
925 10 4
926 7 2
926 3 9
927 2 10
927 6 8
928 6 4
928 2 4
929 4 6
930 5 3
931 6 5
931 10 5
932 9 3
932 1 6
933 10 3
933 6 4
934 4 8
935 6 2
936 10 4
936 10 3
937 4 1
938 5 2
939 2 10
939 8 10
940 10 6
940 3 7
941 3 1
941 6 8
942 5 6
942 10 7
943 2 4
944 3 9
944 9 7
945 7 9
946 3 10
946 6 9
947 7 8
948 9 8
948 8 1
949 9 3
949 9 1
950 4 9
951 4 7
952 7 10
952 9 1
953 4 1
953 4 8
954 10 6
954 6 7
955 3 7
955 6 5
956 4 10
956 9 10
957 9 4
958 8 3
959 1 5
959 6 2
960 9 10
961 6 5
961 5 6
962 4 5
962 9 1
963 5 3
963 3 9
964 7 2
965 5 3
966 9 4
966 6 4
967 9 8
967 6 7
968 9 4
969 2 9
970 7 3
970 6 4
971 7 9
972 3 7
972 8 3
973 2 9
973 2 7
974 1 3
974 9 6
975 4 10
976 6 9
976 10 8
977 9 4
978 8 2
978 3 9
979 7 1
980 5 4
981 2 8
982 6 9
982 5 7
983 3 10
983 4 5
984 8 5
984 10 1
985 7 9
986 9 1
986 7 4
987 4 5
987 10 1
988 8 7
988 3 9
989 3 7
989 7 8
990 7 4
991 9 1
991 10 5
992 2 3
993 8 2
993 8 6
994 8 1
994 3 6
995 6 10
996 8 1
996 4 10
997 8 3
997 4 1
998 7 10
998 10 6
999 7 6
999 5 2
1000 4 5
1000 8 1
1001 3 8
1001 3 5
1002 1 3
1002 9 7
1003 8 7
1004 1 9
1004 6 3
1005 6 9
1005 9 6
1006 3 8
1007 6 9
1007 4 2
1008 7 3
1009 10 4
1010 7 9
1010 2 9
1011 4 10
1012 3 10
1012 4 2
1013 7 4
1014 1 10
1015 10 2
1015 5 9
1016 4 5
1016 5 2
1017 5 3
1017 8 5
1018 10 1
1018 4 8
1019 1 5
1019 8 10
1020 7 3
1021 8 2
1021 2 4
1022 1 10
1022 4 7
1023 3 10
1023 10 9
1024 9 3
1025 8 1
1026 8 9
1027 9 8
1027 8 10
1028 4 5
1029 6 10
1029 2 5
1030 2 9
1031 8 2
1032 4 3
1033 4 1
1033 6 9
1034 9 4
1034 1 7
1035 10 5
1036 10 7
1037 7 8
1038 10 1
1038 9 5
1039 3 4
1039 1 9
1040 2 9
1040 5 7
1041 4 3
1041 5 4
1042 1 7
1043 5 1
1044 8 10
1045 3 10
1046 1 5
1046 3 4
1047 1 2
1047 6 5
1048 2 6
1048 1 6
1049 4 3
1050 10 6
1050 1 10
1051 6 4
1052 6 4
1053 2 7
1054 2 4
1054 7 8
1055 3 7
1056 4 2
1057 4 1
1058 4 6
1059 3 10
1059 7 6
1060 5 8
1060 10 1
1061 6 2
1061 1 9
1062 6 8
1063 6 10
1063 10 3
1064 5 3
1065 1 7
1066 5 2
1067 7 6
1067 8 6
1068 3 7
1068 4 8
1069 6 9
1069 2 3
1070 4 3
1070 10 3
1071 3 4
1072 5 8
1073 5 2
1073 2 8
1074 6 7
1075 10 8
1075 2 7
1076 5 10
1076 9 7
1077 10 8
1078 1 6
1079 1 3
1079 10 4
1080 5 10
1080 8 1
1081 2 1
1081 9 1
1082 3 9
1083 9 1
1083 9 1
1084 4 1
1084 1 6
1085 9 10
1086 3 1
1087 6 4
1087 6 3
1088 2 3
1088 8 5
1089 3 8
1089 1 6
1090 3 10
1090 1 2
1091 7 8
1092 9 1
1092 4 7
1093 5 4
1093 4 9
1094 3 2
1095 4 3
1096 3 10
1097 5 8
1098 5 8
1099 1 10
1099 5 9
1100 8 1
1100 1 2
1101 6 2
1102 4 8
1102 8 4
1103 6 8
1104 8 6
1104 3 8
1105 10 2
1105 4 7
1106 10 6
1106 1 10
1107 2 1
1107 9 6
1108 10 5
1109 6 7
1109 1 9
1110 10 5
1111 9 4
1111 9 4
1112 4 7
1112 5 3
1113 6 2
1113 10 5
1114 2 4
1115 7 9
1115 2 6
1116 7 6
1117 10 2
1118 5 9
1118 9 4
1119 7 3
1120 2 4
1120 3 5
1121 6 10
1122 10 8
1122 10 6
1123 4 8
1123 3 5
1124 3 4
1124 1 5
1125 9 2
1126 2 9
1126 5 9
1127 10 9
1127 1 8
1128 9 7
1128 6 2
1129 7 10
1129 5 3
1130 2 4
1130 2 9
1131 8 6
1132 6 7
1133 4 8
1134 10 2
1134 5 6
1135 10 3
1135 6 8
1136 5 3
1136 5 4
1137 3 5
1137 7 1
1138 3 6
1138 9 1
1139 6 2
1139 7 10
1140 7 1
1140 9 3
1141 1 2
1142 10 9
1142 10 1
1143 8 4
1143 6 8
1144 2 3
1144 6 5
1145 10 1
1145 1 10
1146 10 1
1147 9 1
1147 1 10
1148 4 5
1148 1 10
1149 10 5
1149 9 5
1150 10 9
1151 3 1
1151 6 3
1152 9 10
1153 1 3
1154 6 2
1154 6 1
1155 10 9
1156 7 3
1156 5 1
1157 1 4
1158 8 7
1159 4 1
1159 5 10
1160 9 10
1160 3 2
1161 3 7
1161 2 8
1162 2 3
1162 4 3
1163 4 7
1164 5 9
1165 4 5
1166 5 1
1166 9 3
1167 1 5
1167 6 5
1168 9 6
1168 7 8
1169 2 9
1169 6 1
1170 8 6
1171 7 4
1171 9 10
1172 3 1
1172 3 1
1173 6 4
1174 9 4
1174 3 9
1175 3 6
1175 9 3
1176 9 8
1176 7 1
1177 5 2
1178 5 4
1178 1 2
1179 1 6
1179 1 8
1180 1 3
1181 6 4
1181 7 3
1182 10 8
1182 7 2
1183 10 9
1183 3 9
1184 3 5
1184 4 10
1185 1 7
1185 4 5
1186 1 9
1186 9 1
1187 10 3
1188 8 3
1188 4 8
1189 7 8
1189 2 3
1190 9 1
1190 9 7
1191 7 9
1192 5 6
1192 3 7
1193 10 7
1193 10 2
1194 5 10
1194 2 6
1195 7 3
1195 6 7
1196 10 4
1196 6 5
1197 8 6
1197 8 6
1198 6 8
1198 10 9
1199 3 5
1199 10 2
1200 5 10
1201 3 4
1201 10 1
1202 8 1
1202 5 3
1203 6 9
1203 6 9
1204 1 10
1204 2 3
1205 10 5
1206 3 10
1206 10 4
1207 5 1
1207 9 8
1208 9 5
1208 2 9
1209 1 10
1210 9 5
1210 2 8
1211 3 8
1212 10 9
1213 4 6
1214 3 1
1215 4 10
1215 1 8
1216 7 4
1217 4 2
1217 9 2
1218 10 5
1218 8 4
1219 6 2
1220 7 3
1221 2 7
1221 10 6
1222 5 4
1222 9 5
1223 4 6
1223 2 6
1224 7 1
1224 7 6
1225 10 4
1226 8 5
1226 7 3
1227 4 8
1228 7 4
1228 3 7
1229 7 5
1230 10 4
1231 1 4
1231 8 6
1232 5 4
1232 10 7
1233 3 2
1234 4 6
1235 4 2
1236 5 6
1237 5 6
1238 6 2
1239 3 1
1239 5 1
1240 2 7
1240 10 8
1241 6 9
1241 7 9
1242 3 10
1243 3 2
1244 9 2
1245 10 4
1245 4 8
1246 8 9
1247 1 2
1248 8 7
1248 3 2
1249 5 8
1249 2 1
1250 1 8
1250 10 8
1251 8 5
1251 6 10
1252 10 4
1252 9 7
1253 7 5
1254 6 2
1255 3 2
1256 1 6
1257 3 8
1257 6 7
1258 3 4
1258 7 5
1259 8 2
1260 8 3
1260 3 1
1261 7 9
1261 8 6
1262 5 3
1263 9 8
1263 1 6
1264 5 7
1264 3 4
1265 3 6
1265 2 7
1266 8 7
1266 10 3
1267 1 6
1267 8 6
1268 8 5
1269 4 9
1269 9 2
1270 5 3
1271 5 7
1272 7 4
1272 9 8
1273 4 5
1273 5 10
1274 10 3
1275 6 10
1276 7 6
1277 4 10
1277 1 7
1278 4 1
1279 1 4
1280 3 4
1281 2 9
1281 8 6
1282 9 7
1282 5 3
1283 2 10
1283 1 9
1284 7 5
1285 10 1
1285 1 2
1286 1 10
1286 4 8
1287 3 9
1287 3 10
1288 4 7
1289 6 3
1289 9 6
1290 8 1
1290 6 2
1291 4 1
1291 9 8
1292 5 3
1292 6 8
1293 10 7
1294 9 3
1295 7 6
1296 7 8
1296 7 3
1297 5 2
1297 3 2
1298 9 10
1298 7 5
1299 4 5
1300 7 2
1300 4 3
1301 7 2
1302 2 8
1302 5 1
1303 6 1
1303 1 9
1304 6 9
1305 9 8
1305 10 4
1306 1 2
1306 8 7
1307 2 3
1308 4 6
1308 7 1
1309 7 6
1309 2 7
1310 2 5
1310 2 7
1311 3 6
1311 7 6
1312 1 2
1312 4 3
1313 4 10
1313 7 3
1314 8 5
1315 6 5
1316 10 9
1316 9 6
1317 2 10
1317 9 3
1318 4 7
1319 10 4
1319 5 8
1320 7 4
1321 4 7
1322 4 2
1323 8 7
1323 4 5
1324 2 5
1325 2 3
1325 5 9
1326 7 10
1327 2 3
1328 7 3
1328 10 2
1329 9 8
1329 2 3
1330 2 9
1331 4 10
1331 10 6
1332 4 10
1333 4 9
1334 3 2
1334 9 5
1335 7 5
1335 6 2
1336 8 1
1337 3 1
1337 4 5
1338 9 6
1339 1 7
1340 2 7
1340 3 1
1341 10 7
1341 8 5
1342 2 3
1342 10 8
1343 7 9
1343 9 7
1344 4 3
1345 10 7
1345 10 8
1346 6 5
1347 1 2
1347 8 10
1348 4 6
1349 6 3
1350 4 1
1351 10 4
1351 9 7
1352 2 7
1352 5 3
1353 7 6
1353 8 10
1354 2 1
1354 8 10
1355 3 4
1356 6 3
1357 8 6
1358 8 1
1359 8 7
1359 8 1
1360 8 1
1360 3 9
1361 2 9
1362 5 4
1363 9 1
1363 6 1
1364 10 2
1364 1 7
1365 1 5
1365 2 5
1366 4 10
1366 2 6
1367 6 7
1367 9 8
1368 8 9
1368 6 9
1369 1 2
1369 1 2
1370 10 6
1371 2 1
1372 3 5
1372 8 9
1373 3 4
1373 8 5
1374 3 1
1374 3 9
1375 10 5
1376 4 3
1377 1 4
1378 5 2
1378 6 9
1379 6 8
1379 1 8
1380 6 4
1380 9 3
1381 4 10
1382 3 2
1383 2 3
1383 7 9
1384 4 7
1385 6 5
1385 10 3
1386 3 4
1387 2 10
1388 3 6
1388 7 6
1389 9 4
1390 3 8
1391 2 7
1391 10 7
1392 9 6
1392 5 2
1393 6 2
1393 3 4
1394 1 7
1395 9 10
1396 8 5
1397 9 2
1397 10 1
1398 10 6
1398 3 6
1399 8 9
1400 9 8
1401 4 2
1401 3 6
1402 6 3
1403 7 2
1404 3 6
1404 4 6
1405 7 1
1405 10 5
1406 6 4
1407 9 4
1407 9 10
1408 9 8
1409 9 7
1409 10 3
1410 10 6
1411 5 9
1412 10 3
1412 1 8
1413 10 3
1414 4 8
1415 3 9
1415 8 4
1416 1 9
1416 4 5
1417 3 10
1417 6 4
1418 8 6
1419 5 10
1419 6 9
1420 2 10
1420 2 9
1421 8 3
1421 7 10
1422 3 5
1422 3 1
1423 1 3
1424 2 10
1425 5 7
1425 3 6
1426 2 9
1426 1 3
1427 3 9
1427 6 10
1428 1 6
1429 6 9
1429 5 6
1430 10 5
1431 9 8
1431 8 7
1432 6 10
1432 9 2
1433 8 3
1434 10 7
1435 2 3
1435 10 8
1436 3 10
1437 7 5
1437 4 6
1438 1 6
1438 10 6
1439 6 7
1439 3 4
1440 10 3
1441 10 6
1441 8 2
1442 2 8
1442 3 1
1443 7 2
1443 10 3
1444 7 1
1444 7 5
1445 2 9
1446 3 2
1446 8 5
1447 9 2
1447 9 8
1448 8 9
1449 2 3
1450 8 10
1450 1 9
1451 3 2
1451 5 8
1452 1 5
1453 8 9
1453 5 1
1454 1 7
1454 5 9
1455 4 7
1455 1 8
1456 5 6
1456 7 10
1457 2 10
1457 1 2
1458 4 3
1459 4 8
1459 1 9
1460 2 5
1461 4 3
1461 6 3
1462 1 4
1462 7 2
1463 5 6
1463 9 3
1464 3 6
1465 7 1
1465 8 10
1466 7 6
1466 1 3
1467 6 7
1468 6 5
1469 1 2
1470 9 10
1471 4 10
1472 7 8
1473 1 5
1474 4 1
1474 8 5
1475 7 1
1475 4 10
1476 4 1
1476 1 7
1477 1 10
1478 9 2
1478 8 2
1479 4 8
1479 3 6
1480 4 3
1480 9 3
1481 6 2
1482 8 4
1483 7 4
1484 6 8
1485 1 10
1485 4 9
1486 8 2
1487 3 10
1487 7 6
1488 3 10
1488 8 5
1489 10 7
1489 3 9
1490 3 8
1491 5 1
1491 9 1
1492 9 10
1492 7 2
1493 9 4
1494 3 1
1494 9 4
1495 7 2
1496 8 2
1496 7 4
1497 3 1
1497 2 4
1498 7 5
1499 3 4
1499 4 9
1500 3 7
1500 8 1
1501 3 2
1501 2 6
1502 3 1
1502 3 10
1503 4 7
1503 3 9
1504 4 9
1504 9 4
1505 4 5
1505 6 9
1506 7 1
1506 2 8
1507 1 7
1508 3 4
1508 6 7
1509 3 2
1510 8 3
1510 9 10
1511 4 1
1511 5 9
1512 7 3
1513 8 10
1513 7 3
1514 7 1
1515 8 9
1515 8 5
1516 2 4
1516 6 3
1517 9 5
1517 4 1
1518 6 4
1519 2 3
1520 5 4
1520 3 9
1521 8 1
1522 1 9
1523 7 6
1523 4 2
1524 4 10
1525 8 5
1526 3 8
1526 8 2
1527 7 6
1527 1 2
1528 4 3
1528 5 9
1529 7 9
1530 9 2
1530 2 10
1531 7 8
1532 4 1
1533 8 6
1534 7 4
1535 7 1
1536 3 7
1537 5 9
1537 9 2
1538 3 7
1539 4 6
1539 1 10
1540 6 1
1540 9 2
1541 7 10
1542 1 5
1543 4 8
1544 5 3
1545 8 9
1545 10 6
1546 9 1
1546 3 2
1547 2 7
1548 3 1
1549 9 6
1549 1 6
1550 8 1
1551 9 5
1552 1 3
1553 4 8
1554 4 9
1554 5 2
1555 10 5
1555 5 7
1556 4 7
1556 8 5
1557 6 10
1557 1 9
1558 9 4
1559 3 1
1560 3 6
1560 1 8
1561 6 1
1561 1 7
1562 3 8
1562 7 10
1563 2 10
1564 1 10
1564 9 10
1565 6 5
1566 8 1
1566 7 1
1567 3 4
1567 10 6
1568 9 3
1568 3 1
1569 4 1
1569 9 2
1570 5 3
1570 4 6
1571 7 8
1572 7 3
1572 2 5
1573 1 5
1574 6 3
1574 3 6
1575 2 5
1575 10 6
1576 2 4
1577 4 10
1578 6 10
1579 2 7
1579 9 8
1580 10 4
1580 10 3
1581 4 10
1581 1 3
1582 9 8
1582 3 7
1583 10 4
1584 3 8
1585 5 6
1586 6 7
1587 8 3
1587 6 2
1588 3 5
1589 10 1
1590 7 10
1590 8 4
1591 2 6
1592 2 10
1593 5 7
1593 10 6
1594 10 2
1595 2 8
1595 2 10
1596 10 1
1596 10 5
1597 7 4
1597 6 8
1598 5 9
1598 4 6
1599 7 6
1599 5 1
1600 9 10
1601 9 1
1601 5 7
1602 1 7
1602 8 7
1603 3 1
1603 3 2
1604 1 4
1605 5 1
1606 2 8
1607 3 5
1608 9 4
1608 2 1
1609 8 6
1609 4 9
1610 7 1
1611 2 7
1612 5 4
1612 4 10
1613 8 2
1613 3 9
1614 8 5
1615 2 9
1615 6 1
1616 5 3
1617 3 10
1618 2 5
1619 2 8
1619 1 6
1620 10 6
1621 7 8
1621 7 5
1622 2 10
1622 9 1
1623 5 1
1623 8 6
1624 5 10
1624 2 4
1625 4 3
1625 7 1
1626 9 1
1627 5 6
1627 2 10
1628 3 4
1628 2 10
1629 8 6
1629 4 10
1630 5 1
1631 8 10
1632 9 8
1633 6 1
1633 6 9
1634 6 2
1634 5 3
1635 6 9
1635 2 1
1636 5 9
1637 4 9
1637 3 2
1638 8 9
1639 1 6
1639 4 3
1640 10 7
1641 1 9
1642 8 9
1643 7 4
1643 2 5
1644 1 4
1645 5 8
1646 8 10
1646 6 7
1647 1 4
1648 1 6
1649 1 4
1650 9 8
1650 8 7
1651 4 1
1652 9 3
1653 4 5
1653 4 5
1654 9 7
1655 9 10
1655 6 9
1656 4 2
1656 2 7
1657 3 4
1657 4 5
1658 10 9
1658 1 7
1659 3 7
1659 2 8
1660 9 1
1661 5 8
1662 8 4
1663 1 3
1663 1 2
1664 3 8
1664 7 10
1665 9 7
1666 1 4
1666 2 7
1667 2 9
1667 8 6
1668 4 8
1668 3 5
1669 2 3
1669 2 10
1670 10 4
1671 6 1
1671 9 6
1672 1 7
1672 6 9
1673 2 8
1673 5 2
1674 10 8
1675 9 2
1675 8 4
1676 9 10
1677 2 10
1677 1 3
1678 3 8
1679 8 1
1679 4 2
1680 4 7
1680 2 1
1681 4 2
1682 3 6
1683 4 5
1683 7 6
1684 9 1
1684 5 2
1685 9 10
1686 7 1
1687 10 5
1687 4 8
1688 10 1
1688 6 8
1689 5 3
1690 2 6
1691 1 6
1691 2 9
1692 9 3
1693 9 2
1693 9 10
1694 7 6
1695 3 2
1696 3 7
1696 3 8
1697 1 3
1697 3 6
1698 5 2
1698 7 4
1699 8 2
1700 10 7
1700 9 3
1701 10 4
1701 3 7
1702 3 1
1702 7 5
1703 4 7
1704 4 7
1705 3 10
1706 8 2
1706 8 1
1707 9 3
1707 10 2
1708 5 6
1708 4 8
1709 3 5
1710 2 9
1711 4 6
1712 9 5
1712 9 7
1713 7 4
1714 3 5
1715 8 2
1715 4 5
1716 1 3
1716 9 7
1717 1 6
1718 8 6
1718 4 10
1719 5 10
1720 8 4
1720 5 3
1721 10 3
1721 8 9
1722 6 3
1722 8 10
1723 3 9
1723 1 6
1724 8 1
1725 9 3
1725 5 3
1726 8 1
1726 7 6
1727 10 5
1727 6 3
1728 10 3
1728 10 8
1729 9 8
1730 6 5
1731 6 10
1732 8 4
1732 8 7
1733 10 4
1733 7 1
1734 2 3
1735 7 1
1735 9 2
1736 3 1
1737 10 2
1738 1 8
1738 1 10
1739 7 9
1740 7 5
1741 9 5
1741 10 1
1742 2 5
1742 9 5
1743 4 10
1743 8 5
1744 5 4
1745 8 5
1745 2 7
1746 7 9
1746 8 2
1747 2 5
1748 4 7
1748 7 3
1749 6 4
1750 6 2
1751 3 8
1752 3 2
1752 4 10
1753 4 1
1753 4 10
1754 4 2
1754 6 7
1755 10 2
1755 7 2
1756 1 4
1756 6 4
1757 6 10
1758 10 8
1759 3 7
1759 3 4
1760 9 3
1761 8 5
1761 7 2
1762 10 9
1763 8 1
1764 6 10
1764 8 4
1765 10 6
1766 1 5
1767 5 10
1768 1 4
1768 1 5
1769 7 9
1770 2 7
1770 3 4
1771 3 8
1771 7 6
1772 9 3
1773 8 6
1774 1 10
1774 9 8
1775 9 3
1776 2 9
1776 7 3
1777 10 5
1778 8 9
1778 8 1
1779 2 1
1779 2 3
1780 4 1
1780 5 6
1781 6 2
1782 1 5
1782 6 10
1783 5 4
1783 1 4
1784 8 1
1784 4 10
1785 3 1
1785 10 1
1786 6 3
1786 3 5
1787 5 3
1787 6 4
1788 10 3
1789 8 9
1789 6 1
1790 5 9
1791 7 9
1791 8 9
1792 10 9
1792 9 2
1793 10 6
1793 3 10
1794 10 2
1795 4 9
1795 4 3
1796 7 8
1796 6 10
1797 1 7
1797 9 10
1798 9 4
1799 10 1
1799 9 7
1800 8 2
1800 8 3
1801 9 3
1802 6 4
1803 3 4
1803 1 6
1804 4 2
1805 4 8
1805 1 3
1806 1 3
1806 2 9
1807 2 6
1807 7 9
1808 7 2
1808 3 2
1809 2 6
1809 10 6
1810 1 3
1811 1 6
1811 8 1
1812 9 7
1813 2 7
1813 6 4
1814 4 8
1814 6 1
1815 3 4
1815 10 5
1816 10 8
1816 9 8
1817 7 8
1817 9 2
1818 8 9
1819 10 3
1819 3 5
1820 5 3
1820 4 7
1821 7 9
1821 8 10
1822 9 10
1822 1 10
1823 10 5
1823 1 7
1824 2 10
1824 7 4
1825 10 4
1825 8 6
1826 4 10
1827 3 5
1827 3 1
1828 2 5
1828 5 3
1829 9 4
1829 3 2
1830 1 6
1830 2 7
1831 1 7
1832 3 8
1832 7 5
1833 1 2
1833 1 8
1834 3 1
1835 9 6
1836 8 9
1836 3 10
1837 2 4
1837 9 7
1838 6 7
1838 6 10
1839 8 3
1839 3 4
1840 3 5
1841 9 6
1842 10 7
1842 3 5
1843 3 6
1844 8 1
1845 7 10
1846 10 2
1846 1 9
1847 9 1
1848 5 4
1849 5 3
1849 2 7
1850 4 9
1850 6 4
1851 7 6
1851 9 1
1852 6 2
1852 9 10
1853 8 4
1853 5 7
1854 4 1
1854 6 9
1855 4 8
1856 2 1
1857 3 8
1858 1 2
1858 9 2
1859 7 5
1860 2 9
1861 9 7
1861 4 9
1862 2 8
1862 5 9
1863 1 10
1863 6 8
1864 4 6
1865 6 1
1866 10 5
1867 6 9
1868 2 4
1868 2 8
1869 1 8
1869 8 6
1870 2 8
1870 10 6
1871 6 7
1871 2 10
1872 7 2
1872 1 2
1873 2 7
1873 8 1
1874 4 3
1874 7 10
1875 7 1
1875 4 6
1876 7 1
1877 10 5
1878 4 9
1879 3 1
1880 2 3
1881 7 6
1882 8 6
1883 9 5
1884 2 10
1885 9 3
1886 9 8
1886 9 3
1887 6 5
1887 10 1
1888 10 5
1888 8 2
1889 10 2
1890 10 7
1890 1 7
1891 3 10
1892 3 6
1892 6 3
1893 9 5
1894 7 9
1894 6 5
1895 2 4
1896 5 6
1896 7 10
1897 8 4
1897 2 7
1898 6 5
1898 8 6
1899 5 8
1900 4 7
1900 7 5
1901 3 7
1902 4 7
1903 6 4
1903 4 3
1904 9 1
1905 9 1
1905 9 2
1906 9 7
1906 9 4
1907 5 3
1908 1 6
1908 2 9
1909 4 6
1909 9 7
1910 3 4
1910 10 9
1911 10 4
1911 8 5
1912 7 3
1912 1 7
1913 4 10
1913 2 7
1914 10 1
1914 8 5
1915 8 3
1915 10 3
1916 1 5
1917 3 4
1917 4 1
1918 5 8
1918 3 5
1919 3 10
1920 8 6
1921 5 7
1922 10 7
1922 9 8
1923 3 8
1923 1 3
1924 2 6
1924 4 9
1925 1 4
1926 4 9
1926 2 10
1927 3 6
1928 9 7
1928 2 9
1929 2 10
1930 6 8
1930 2 7
1931 4 6
1932 10 2
1933 6 2
1933 9 1
1934 6 4
1934 1 10
1935 4 2
1935 7 10
1936 2 6
1936 8 1
1937 1 9
1937 5 9
1938 6 1
1939 10 3
1939 2 4
1940 9 1
1941 9 7
1942 4 3
1942 7 4
1943 8 10
1944 8 2
1945 7 5
1945 8 7
1946 4 7
1946 3 4
1947 9 3
1947 4 7
1948 9 10
1948 5 1
1949 7 3
1949 8 10
1950 1 7
1950 6 7
1951 9 1
1951 3 2
1952 10 4
1953 3 4
1953 3 1
1954 3 4
1955 7 9
1956 7 6
1957 1 10
1957 10 7
1958 8 5
1959 3 4
1960 3 5
1961 8 3
1962 10 3
1963 8 7
1964 2 1
1965 6 9
1966 9 4
1967 9 4
1967 9 4
1968 1 5
1968 6 10
1969 10 7
1969 7 2
1970 7 6
1970 4 7
1971 10 5
1972 1 2
1972 10 8
1973 2 10
1973 3 1
1974 6 4
1975 6 10
1975 4 6
1976 1 2
1976 9 10
1977 7 2
1978 3 10
1978 4 6
1979 1 6
1979 5 9
1980 6 5
1980 1 4
1981 5 2
1982 7 3
1983 8 3
1983 8 4
1984 3 2
1984 9 2
1985 10 5
1986 5 6
1986 10 5
1987 1 9
1987 7 2
1988 10 3
1989 4 10
1990 1 5
1991 7 1
1992 2 7
1993 7 4
1994 4 5
1994 9 4
1995 4 7
1995 7 9
1996 5 6
1997 7 1
1998 1 2
1998 8 7
1999 3 7
1999 4 5
2000 6 10
2001 9 5
2002 4 10
2003 9 1
2003 1 6
2004 9 6
2004 7 9
2005 7 8
2005 4 9
2006 2 8
2007 8 3
2008 8 9
2009 4 3
2010 8 4
2011 7 8
2012 5 7
2012 7 8
2013 4 5
2014 10 9
2015 8 9
2016 4 9
2017 10 5
2017 7 10
2018 2 4
2018 8 9
2019 3 1
2019 7 5
2020 7 3
2021 10 8
2022 3 10
2022 8 5
2023 6 7
2024 6 8
2025 10 1
2025 5 10
2026 9 1
2026 8 6
2027 6 9
2027 4 8
2028 10 5
2028 8 1
2029 7 10
2029 7 10
2030 2 5
2030 1 4
2031 5 3
2031 10 7
2032 9 8
2033 3 8
2034 5 8
2034 4 2
2035 1 7
2036 2 1
2036 2 1
2037 8 4
2037 4 7
2038 6 8
2039 6 2
2040 10 6
2040 7 2
2041 10 2
2041 10 1
2042 7 8
2043 1 8
2043 6 2
2044 10 6
2044 10 8
2045 10 4
2045 1 9
2046 7 8
2047 3 9
2048 1 5
2049 4 9
2049 2 1
2050 3 6
2050 9 1
2051 3 9
2052 1 4
2052 8 10
2053 5 1
2053 1 9
2054 4 7
2054 2 5
2055 7 2
2055 8 1
2056 9 6
2056 9 6
2057 4 5
2058 1 4
2058 1 10
2059 2 4
2060 8 3
2061 3 7
2062 3 10
2063 3 2
2063 4 1
2064 5 3
2065 5 2
2066 5 8
2066 9 1
2067 3 8
2067 2 4
2068 8 10
2068 5 7
2069 1 3
2069 4 10
2070 6 2
2070 1 9
2071 3 7
2071 2 6
2072 6 7
2072 10 6
2073 3 2
2074 9 6
2075 10 1
2076 8 7
2077 6 2
2077 7 6
2078 3 2
2078 6 8
2079 8 7
2080 8 3
2080 10 9
2081 5 4
2081 2 6
2082 5 2
2083 4 2
2084 3 8
2084 10 9
2085 8 2
2086 8 9
2086 1 4
2087 8 4
2088 2 8
2088 5 7
2089 6 4
2090 5 2
2090 3 9
2091 7 4
2092 9 4
2092 2 3
2093 6 4
2094 3 6
2095 10 2
2095 10 3
2096 9 6
2096 9 8
2097 8 1
2097 5 7
2098 8 10
2099 1 3
2100 8 5
2101 9 8
2101 6 8
2102 9 2
2102 5 7
2103 4 10
2103 7 1
2104 10 7
2104 4 5
2105 5 2
2106 2 8
2106 8 9
2107 10 5
2107 7 1
2108 9 7
2109 6 5
2109 2 5
2110 1 8
2110 9 3
2111 2 4
2111 2 3
2112 8 2
2112 10 1
2113 5 2
2113 8 10
2114 3 4
2114 4 8
2115 2 4
2115 1 8
2116 9 4
2116 2 9
2117 5 3
2117 7 6
2118 9 4
2118 7 9
2119 6 1
2119 10 7
2120 5 10
2120 10 2
2121 3 4
2122 8 5
2122 4 3
2123 9 2
2124 1 4
2125 8 4
2125 10 4
2126 4 5
2127 7 10
2127 7 8
2128 5 1
2129 8 2
2129 10 5
2130 2 3
2131 4 3
2131 10 5
2132 10 5
2133 9 8
2134 10 7
2134 3 2
2135 1 10
2135 9 2
2136 4 3
2137 2 9
2138 7 8
2139 9 7
2139 1 10
2140 6 4
2141 6 3
2142 7 6
2143 10 9
2144 9 7
2144 3 9
2145 7 5
2145 3 10
2146 10 1
2147 4 7
2148 9 4
2149 9 4
2150 7 4
2150 6 7
2151 7 2
2152 7 3
2152 3 9
2153 5 1
2154 3 2
2154 1 5
2155 1 7
2156 8 3
2157 2 3
2157 10 3
2158 3 1
2159 6 5
2159 6 8
2160 8 3
2161 7 1
2161 2 10
2162 8 9
2163 2 8
2163 2 1
2164 10 1
2164 10 9
2165 6 8
2166 5 8
2166 9 8
2167 8 6
2167 5 3
2168 7 4
2168 8 6
2169 10 3
2170 2 4
2171 5 7
2171 8 10
2172 7 5
2173 7 9
2173 3 8
2174 2 3
2174 4 1
2175 6 4
2176 8 7
2177 2 7
2178 3 6
2178 10 6
2179 8 9
2179 3 2
2180 9 1
2181 9 4
2182 7 9
2182 7 9
2183 6 3
2184 3 2
2184 3 8
2185 10 7
2186 1 5
2186 2 8
2187 5 2
2188 10 9
2189 4 6
2189 1 7
2190 7 5
2190 4 3
2191 8 7
2191 6 8
2192 4 2
2192 10 8
2193 6 3
2193 5 4
2194 3 10
2194 5 7
2195 7 10
2196 5 6
2196 3 7
2197 3 2
2197 1 3
2198 2 10
2198 2 5
2199 1 2
2199 5 3
2200 7 3
2200 10 2
2201 1 6
2201 9 6
2202 3 1
2202 3 1
2203 1 3
2204 6 7
2205 2 6
2205 2 5
2206 10 1
2206 4 8
2207 3 8
2208 5 3
2208 10 1
2209 3 9
2209 3 1
2210 2 8
2210 7 9
2211 8 5
2211 3 7
2212 5 2
2212 6 4
2213 3 8
2213 3 6
2214 3 10
2214 5 7
2215 3 7
2216 6 3
2216 1 6
2217 5 2
2218 8 3
2219 6 1
2220 7 1
2221 9 10
2221 8 10
2222 9 2
2222 3 10
2223 6 2
2223 2 3
2224 10 4
2224 7 1
2225 7 8
2225 4 1
2226 4 3
2226 10 2
2227 2 9
2227 4 9
2228 8 3
2228 7 3
2229 1 2
2229 3 2
2230 5 4
2230 10 5
2231 4 2
2231 10 1
2232 2 6
2233 7 6
2234 9 4
2234 4 1
2235 7 5
2235 7 6
2236 5 9
2236 4 6
2237 5 8
2238 6 1
2239 6 2
2240 10 2
2240 9 1
2241 3 1
2241 5 2
2242 6 3
2243 5 2
2243 10 1
2244 5 3
2244 3 1
2245 10 2
2246 5 9
2246 2 10
2247 9 8
2248 6 8
2249 1 8
2249 4 2
2250 9 8
2250 1 6
2251 1 7
2251 6 4
2252 4 10
2252 6 1
2253 7 1
2254 1 9
2254 6 1
2255 7 3
2256 4 5
2257 8 6
2258 7 4
2258 6 9
2259 1 4
2259 10 4
2260 4 5
2260 1 3
2261 8 7
2261 3 7
2262 2 4
2263 2 10
2263 2 9
2264 1 2
2264 9 2
2265 8 5
2266 7 6
2266 3 4
2267 1 3
2267 9 5
2268 1 9
2268 4 8
2269 3 9
2270 9 2
2271 4 3
2271 10 3
2272 5 3
2273 5 10
2274 1 4
2274 10 4
2275 8 3
2275 1 7
2276 4 10
2276 8 10
2277 9 7
2277 5 9
2278 10 2
2278 1 4
2279 2 6
2279 8 5
2280 4 5
2280 9 7
2281 8 7
2282 8 10
2282 7 5
2283 1 2
2283 2 3
2284 1 9
2284 6 5
2285 4 6
2286 5 10
2287 1 3
2288 6 7
2288 2 1
2289 3 1
2290 3 5
2290 1 2
2291 9 8
2291 9 7
2292 5 2
2293 10 3
2293 9 1
2294 6 7
2294 2 4
2295 9 2
2296 7 2
2296 3 8
2297 5 2
2297 4 7
2298 8 1
2298 9 6
2299 5 3
2299 6 1
2300 1 4
2301 5 2
2301 5 3
2302 3 6
2303 6 5
2303 1 6
2304 2 6
2304 9 5
2305 4 1
2306 1 3
2306 8 4
2307 5 10
2307 7 10
2308 8 2
2308 8 1
2309 1 8
2310 3 5
2311 6 1
2312 4 5
2312 3 4
2313 1 9
2314 7 9
2314 4 2
2315 1 3
2316 7 6
2316 6 10
2317 3 4
2317 7 10
2318 6 1
2319 3 5
2319 7 1
2320 3 1
2320 4 3
2321 5 10
2321 5 7
2322 7 6
2322 10 4
2323 1 7
2324 6 8
2325 8 4
2326 5 8
2327 1 3
2327 9 3
2328 2 7
2328 2 5
2329 2 8
2330 2 9
2331 3 4
2331 5 1
2332 4 1
2332 3 10
2333 2 5
2333 5 3
2334 1 5
2334 7 10
2335 8 3
2336 6 1
2337 2 6
2338 4 9
2338 4 5
2339 7 9
2340 5 4
2341 7 8
2342 9 10
2343 2 5
2343 10 8
2344 7 8
2344 3 4
2345 10 7
2345 10 4
2346 1 10
2347 9 4
2348 2 10
2348 10 4
2349 6 4
2350 2 9
2350 3 8
2351 1 2
2352 4 5
2353 9 2
2353 5 2
2354 5 8
2354 2 5
2355 7 2
2356 10 3
2356 10 1
2357 6 10
2357 6 2
2358 4 1
2359 10 4
2359 1 6
2360 5 10
2361 7 6
2362 5 1
2362 2 9
2363 3 7
2363 8 9
2364 9 2
2364 4 9
2365 7 6
2365 2 4
2366 5 8
2367 6 7
2367 9 7
2368 8 4
2368 8 7
2369 5 10
2370 9 7
2370 10 8
2371 3 10
2372 9 7
2372 2 4
2373 10 9
2373 7 5
2374 9 4
2374 7 8
2375 1 2
2376 9 10
2377 8 10
2377 7 9
2378 7 2
2378 9 5
2379 8 2
2379 9 6
2380 3 1
2381 9 8
2382 10 6
2382 8 1
2383 4 7
2384 9 1
2384 3 5
2385 10 3
2386 7 1
2387 2 3
2388 2 1
2388 3 1
2389 2 6
2390 9 8
2390 6 3
2391 7 4
2391 2 5
2392 1 3
2392 2 4
2393 7 9
2393 6 8
2394 10 4
2395 3 1
2395 4 6
2396 1 8
2397 10 4
2397 10 2
2398 6 1
2399 3 7
2400 9 6
2401 5 2
2401 5 3
2402 2 10
2402 7 1
2403 10 2
2403 9 3
2404 10 9
2404 8 2
2405 7 10
2406 8 1
2406 3 2
2407 8 1
2407 6 1
2408 1 4
2408 10 9
2409 10 2
2410 7 1
2410 1 5
2411 2 1
2412 6 3
2412 1 8
2413 6 3
2413 9 1
2414 6 7
2414 2 6
2415 5 10
2415 10 7
2416 3 1
2416 7 4
2417 6 2
2417 7 10
2418 10 2
2418 6 4
2419 8 4
2419 8 7
2420 4 6
2421 3 1
2421 1 3
2422 7 9
2423 5 6
2423 6 10
2424 3 9
2424 1 3
2425 6 2
2426 10 2
2427 8 2
2428 10 4
2429 1 9
2430 3 6
2430 1 8
2431 6 4
2432 5 7
2433 10 6
2434 2 8
2434 5 4
2435 4 3
2436 6 1
2436 9 5
2437 6 2
2437 9 10
2438 7 5
2439 9 3
2439 4 5
2440 5 2
2440 2 1
2441 5 9
2442 6 10
2442 7 9
2443 10 5
2444 1 5
2444 1 4
2445 4 10
2445 8 5
2446 10 5
2447 5 9
2448 3 10
2448 1 8
2449 6 5
2450 6 3
2451 7 10
2452 2 10
2452 6 3
2453 6 2
2453 2 1
2454 8 1
2455 7 10
2455 9 8
2456 5 2
2456 7 4
2457 5 9
2458 6 4
2459 4 1
2460 3 4
2461 10 4
2462 6 5
2462 1 6
2463 5 8
2463 9 4
2464 6 10
2464 6 10
2465 9 2
2465 4 7
2466 3 1
2466 5 3
2467 1 8
2467 5 4
2468 8 9
2469 6 10
2469 7 1
2470 2 1
2470 5 2
2471 2 1
2471 1 4
2472 2 4
2473 7 5
2473 1 5
2474 5 1
2474 6 5
2475 7 9
2475 7 4
2476 10 6
2477 5 10
2477 7 6
2478 5 3
2478 6 9
2479 5 1
2479 9 10
2480 7 1
2481 2 8
2481 6 7
2482 9 4
2482 8 5
2483 8 10
2484 9 4
2484 7 4
2485 10 9
2485 3 8
2486 6 7
2486 4 10
2487 4 7
2487 2 8
2488 5 4
2489 10 5
2490 4 2
2490 5 10
2491 2 5
2492 1 4
2492 10 3
2493 6 2
2493 9 8
2494 4 6
2494 10 7
2495 8 4
2495 8 6
2496 4 7
2496 9 7
2497 6 3
2498 3 10
2499 7 2
2500 1 2
2500 9 7
2501 10 2
2501 8 4
2502 1 8
2503 9 6
2503 9 7
2504 2 3
2505 2 8
2505 6 1
2506 6 1
2507 7 5
2508 9 8
2508 5 6
2509 8 2
2510 2 1
2511 10 3
2511 9 7
2512 2 6
2512 6 2
2513 4 2
2514 8 9
2515 1 5
2515 4 9
2516 10 8
2516 4 9
2517 5 7
2518 2 9
2519 6 5
2519 3 4
2520 5 7
2521 1 7
2522 5 4
2523 10 9
2523 8 2
2524 1 3
2525 5 6
2525 3 7
2526 6 7
2527 1 9
2527 5 3
2528 8 10
2528 3 8
2529 2 7
2530 1 9
2531 7 9
2532 9 6
2533 2 9
2533 3 2
2534 3 6
2534 6 2
2535 8 1
2536 5 3
2537 9 7
2537 4 2
2538 2 5
2538 8 5
2539 4 3
2539 10 1
2540 7 8
2541 2 6
2541 8 3
2542 2 7
2543 2 4
2543 3 9
2544 5 2
2544 6 3
2545 1 10
2546 2 9
2546 6 5
2547 8 2
2548 9 1
2549 10 4
2550 3 2
2550 5 2
2551 1 9
2552 3 1
2553 3 4
2554 7 6
2555 6 7
2556 3 10
2557 4 10
2558 9 3
2559 5 4
2559 7 4
2560 9 6
2561 1 3
2562 10 7
2562 9 5
2563 9 3
2564 2 6
2565 9 10
2565 2 3
2566 3 7
2567 1 2
2567 10 7
2568 7 10
2569 3 2
2569 9 10
2570 8 9
2570 1 8
2571 10 2
2572 8 10
2572 3 2
2573 1 10
2574 4 9
2574 3 8
2575 6 10
2576 8 3
2577 6 1
2577 1 7
2578 8 1
2578 8 3
2579 7 1
2580 7 4
2581 4 10
2581 5 1
2582 4 6
2582 2 4
2583 7 3
2583 9 6
2584 8 4
2585 7 4
2586 5 7
2586 9 5
2587 6 5
2588 4 5
2589 1 10
2589 7 2
2590 8 4
2591 7 1
2592 1 10
2593 4 7
2594 1 4
2595 9 7
2595 9 10
2596 4 5
2596 7 2
2597 8 4
2598 1 2
2598 1 10
2599 5 6
2599 4 7
2600 1 6
2600 4 5
2601 7 1
2601 5 3
2602 1 3
2602 1 2
2603 9 1
2603 2 4
2604 6 8
2605 1 2
2605 4 10
2606 6 7
2606 9 8
2607 9 1
2607 3 5
2608 2 1
2608 10 9
2609 9 6
2609 5 3
2610 4 8
2610 1 6
2611 5 2
2611 8 2
2612 1 2
2612 6 1
2613 6 3
2614 2 4
2614 4 7
2615 5 6
2616 5 2
2617 1 10
2617 4 1
2618 3 6
2618 7 4
2619 8 3
2619 1 6
2620 5 7
2620 5 10
2621 7 5
2622 1 2
2622 7 6
2623 4 9
2623 4 3
2624 7 4
2624 8 7
2625 3 6
2626 6 7
2627 6 8
2627 5 3
2628 7 8
2628 2 5
2629 1 8
2629 9 5
2630 2 7
2630 10 6
2631 6 7
2632 8 6
2632 5 10
2633 2 8
2633 1 10
2634 3 5
2634 10 4
2635 7 4
2636 4 1
2637 3 6
2637 10 1
2638 1 8
2638 6 5
2639 7 3
2639 5 6
2640 2 1
2640 6 9
2641 4 6
2641 1 3
2642 6 1
2643 4 8
2644 7 5
2645 10 6
2645 8 6
2646 2 4
2646 3 4
2647 4 7
2647 8 1
2648 5 10
2649 3 1
2649 2 8
2650 9 3
2650 6 7
2651 10 7
2651 9 10
2652 2 9
2652 6 1
2653 4 1
2653 10 4
2654 8 10
2655 2 7
2656 10 1
2656 7 6
2657 9 1
2658 6 4
2658 10 9
2659 5 9
2659 2 3
2660 2 5
2661 6 7
2661 3 8
2662 5 8
2662 9 6
2663 3 6
2663 1 7
2664 2 3
2664 6 9
2665 1 7
2666 7 1
2666 9 8
2667 3 10
2668 10 9
2668 2 9
2669 10 2
2669 4 8
2670 1 4
2670 5 8
2671 9 4
2671 8 6
2672 7 4
2673 4 6
2674 7 8
2674 10 3
2675 10 9
2675 7 5
2676 1 6
2676 3 5
2677 5 6
2678 6 3
2679 1 9
2679 3 1
2680 10 8
2680 8 7
2681 4 2
2682 7 5
2682 7 2
2683 4 1
2684 10 5
2684 9 6
2685 9 10
2686 5 10
2686 5 2
2687 5 6
2687 10 5
2688 9 1
2688 4 3
2689 8 3
2690 1 10
2690 3 10
2691 4 2
2691 9 6
2692 9 2
2693 6 1
2694 2 3
2695 6 3
2695 7 4
2696 1 8
2697 2 9
2698 3 7
2699 3 10
2699 3 9
2700 6 4
2701 9 1
2701 6 3
2702 9 3
2702 1 10
2703 10 4
2703 2 10
2704 3 8
2705 8 6
2705 7 3
2706 7 2
2706 1 2
2707 2 9
2708 4 2
2708 4 7
2709 5 4
2710 8 6
2710 1 10
2711 4 2
2712 8 7
2713 6 10
2714 6 4
2714 6 2
2715 9 4
2716 3 2
2717 7 9
2717 7 5
2718 2 6
2718 8 2
2719 4 2
2719 3 5
2720 3 8
2720 9 1
2721 3 9
2722 8 7
2723 1 2
2724 6 3
2725 2 3
2725 3 9
2726 5 9
2726 1 3
2727 3 9
2727 4 8
2728 6 4
2728 8 2
2729 9 2
2729 4 7
2730 4 8
2730 10 8
2731 6 3
2731 4 5
2732 3 7
2733 7 3
2733 2 9
2734 3 2
2734 2 4
2735 2 1
2736 6 4
2737 7 8
2738 3 6
2739 2 6
2739 3 6
2740 8 1
2740 5 1
2741 6 5
2742 8 9
2742 5 9
2743 3 2
2743 6 5
2744 10 7
2744 8 1
2745 2 3
2745 4 6
2746 6 4
2746 10 5
2747 1 9
2748 1 7
2748 2 6
2749 3 1
2749 9 6
2750 8 6
2750 7 5
2751 1 7
2752 1 7
2752 9 10
2753 6 3
2754 7 6
2754 5 2
2755 2 10
2755 5 2
2756 8 6
2756 4 6
2757 2 7
2757 5 1
2758 2 6
2759 10 1
2759 5 2
2760 3 6
2761 5 4
2762 6 4
2762 1 8
2763 7 1
2764 7 1
2765 10 8
2766 7 2
2767 6 8
2767 1 8
2768 9 2
2769 6 9
2769 8 4
2770 5 3
2770 6 7
2771 7 2
2771 10 1
2772 4 2
2772 1 8
2773 6 5
2773 1 3
2774 5 10
2774 6 10
2775 10 6
2776 7 3
2777 1 9
2778 6 8
2779 8 3
2780 3 10
2780 7 2
2781 7 5
2782 8 9
2783 4 6
2784 3 4
2784 7 3
2785 2 8
2785 2 9
2786 10 6
2786 3 5
2787 5 10
2788 10 9
2788 5 3
2789 7 9
2790 4 8
2790 7 9
2791 8 3
2791 9 4
2792 2 5
2793 7 8
2793 4 8
2794 7 3
2794 7 2
2795 8 1
2795 10 7
2796 4 2
2796 3 4
2797 10 3
2798 4 1
2798 7 3
2799 9 5
2799 5 2
2800 8 4
2801 2 3
2801 4 3
2802 8 2
2802 4 3
2803 3 10
2803 3 2
2804 9 4
2805 6 7
2805 6 2
2806 7 6
2806 6 2
2807 5 3
2808 9 5
2808 5 9
2809 5 6
2810 1 7
2810 4 2
2811 1 7
2811 4 9
2812 6 10
2813 8 6
2814 1 9
2815 2 5
2815 10 7
2816 2 1
2817 7 10
2818 8 6
2819 7 1
2820 3 6
2821 3 4
2821 5 10
2822 2 5
2822 2 8
2823 1 8
2823 3 6
2824 4 6
2825 1 10
2826 1 4
2827 5 9
2828 8 7
2829 8 3
2830 6 7
2830 6 4
2831 2 3
2832 10 8
2832 9 4
2833 3 5
2833 10 4
2834 2 9
2835 7 1
2835 10 7
2836 8 9
2837 1 6
2838 5 10
2838 1 5
2839 6 7
2840 7 1
2840 6 7
2841 5 10
2842 1 4
2842 7 8
2843 5 1
2843 3 4
2844 3 5
2844 1 2
2845 6 1
2845 2 1
2846 1 7
2846 10 2
2847 4 9
2848 7 1
2848 6 4
2849 8 3
2850 7 5
2850 3 4
2851 9 8
2851 9 2
2852 4 3
2852 1 2
2853 3 1
2854 1 10
2854 5 2
2855 6 8
2855 5 10
2856 10 6
2857 6 5
2858 1 8
2858 7 3
2859 5 9
2859 1 7
2860 7 4
2860 7 2
2861 6 9
2861 6 1
2862 8 2
2863 3 6
2863 10 4
2864 8 7
2864 8 2
2865 10 7
2865 3 2
2866 3 7
2866 8 1
2867 6 8
2867 2 8
2868 2 10
2868 8 3
2869 5 3
2870 8 5
2871 1 6
2871 3 7
2872 10 2
2873 5 8
2873 9 3
2874 6 2
2874 7 10
2875 2 4
2875 4 9
2876 4 10
2876 9 8
2877 4 8
2877 4 8
2878 10 2
2878 6 10
2879 4 8
2879 10 4
2880 10 7
2880 4 3
2881 9 3
2881 9 10
2882 2 4
2882 5 4
2883 2 8
2884 6 3
2885 8 9
2885 4 5
2886 3 10
2886 2 1
2887 1 8
2887 9 1
2888 2 5
2888 3 10
2889 5 10
2890 4 8
2890 10 9
2891 8 1
2891 7 6
2892 7 3
2893 10 3
2893 10 4
2894 10 5
2894 4 8
2895 10 5
2896 2 3
2896 7 8
2897 5 7
2898 6 4
2898 4 1
2899 1 10
2900 3 9
2900 9 3
2901 2 9
2901 8 6
2902 1 7
2902 1 9
2903 7 9
2903 6 2
2904 1 8
2904 6 10
2905 8 2
2905 2 4
2906 7 2
2906 4 7
2907 5 10
2907 10 6
2908 10 5
2908 5 10
2909 10 7
2909 6 1
2910 2 10
2911 4 10
2912 1 6
2912 3 5
2913 5 1
2914 1 10
2915 8 7
2916 6 4
2917 5 3
2917 2 5
2918 9 2
2918 2 9
2919 10 1
2919 6 3
2920 3 1
2920 7 6
2921 5 10
2922 8 3
2922 5 3
2923 3 2
2924 4 6
2925 6 4
2925 2 6
2926 1 9
2926 4 7
2927 2 1
2927 5 9
2928 2 1
2928 8 4
2929 3 6
2929 9 8
2930 5 6
2930 3 5
2931 4 1
2931 10 7
2932 7 6
2933 5 10
2933 8 10
2934 5 8
2934 1 3
2935 8 2
2936 3 1
2937 8 6
2938 8 1
2938 2 4
2939 6 8
2939 2 7
2940 1 5
2940 2 5
2941 3 1
2941 9 6
2942 3 10
2942 3 8
2943 3 5
2943 4 6
2944 7 9
2944 7 8
2945 10 8
2946 4 6
2946 6 1
2947 8 9
2947 7 6
2948 6 4
2949 9 2
2950 7 10
2951 3 8
2952 2 9
2952 5 6
2953 9 10
2954 9 2
2954 6 7
2955 7 8
2955 4 7
2956 8 7
2957 4 10
2958 3 10
2958 1 8
2959 4 2
2960 9 5
2960 6 9
2961 5 7
2962 10 6
2962 9 2
2963 7 2
2963 9 2
2964 2 5
2964 3 10
2965 8 1
2965 4 5
2966 1 7
2967 10 7
2968 6 7
2969 8 6
2970 4 5
2970 8 2
2971 7 9
2971 8 1
2972 2 1
2972 10 4
2973 6 4
2973 2 4
2974 5 9
2974 8 7
2975 6 7
2975 9 7
2976 5 2
2977 4 8
2978 1 6
2978 8 4
2979 9 10
2979 7 1
2980 4 8
2980 7 1
2981 10 7
2982 7 8
2983 2 1
2984 9 10
2984 5 1
2985 3 5
2986 9 6
2987 2 6
2988 7 9
2989 1 3
2990 6 9
2991 6 1
2991 5 3
2992 8 6
2992 8 7
2993 5 7
2994 7 3
2995 6 1
2995 6 9
2996 6 8
2997 2 3
2997 1 6
2998 6 8
2999 5 10
2999 4 3
3000 10 1
3000 5 8
3001 4 3
3002 7 6
3003 4 1
3003 10 1
3004 8 3
3004 2 5
3005 4 9
3005 7 2
3006 5 10
3006 6 7
3007 8 4
3008 10 8
3008 1 8
3009 8 3
3010 3 4
3011 8 5
3011 7 5
3012 7 10
3012 4 3
3013 1 7
3013 2 5
3014 4 5
3014 5 9
3015 6 8
3015 7 8
3016 3 9
3016 6 3
3017 10 9
3017 1 9
3018 8 4
3019 7 9
3019 8 4
3020 2 1
3021 1 3
3021 7 6
3022 5 9
3023 10 6
3023 6 2
3024 2 5
3025 8 7
3026 6 9
3026 2 8
3027 6 1
3027 6 4
3028 8 9
3029 8 9
3029 1 2
3030 8 3
3030 9 2
3031 6 7
3032 5 7
3032 10 5
3033 10 3
3034 3 9
3034 3 6
3035 7 4
3035 8 2
3036 8 7
3037 8 2
3038 7 9
3038 2 8
3039 9 1
3039 7 3
3040 8 7
3041 9 10
3041 6 4
3042 7 1
3042 9 4
3043 8 2
3043 3 6
3044 2 1
3044 4 2
3045 2 5
3046 5 9
3046 8 10
3047 9 6
3048 8 7
3048 6 2
3049 9 1
3049 7 2
3050 6 9
3051 7 3
3052 2 1
3053 4 8
3054 2 9
3054 5 9
3055 4 1
3056 10 4
3056 2 8
3057 2 8
3058 7 9
3058 6 2
3059 10 1
3059 7 2
3060 4 5
3060 8 2
3061 10 1
3061 1 4
3062 1 8
3063 6 2
3063 10 9
3064 1 2
3064 4 2
3065 4 1
3065 1 7
3066 2 5
3066 5 3
3067 5 10
3067 4 3
3068 7 2
3069 3 8
3070 8 10
3071 10 7
3071 7 6
3072 7 10
3073 6 10
3074 10 6
3075 1 3
3076 3 9
3076 2 5
3077 10 1
3078 10 8
3078 10 5
3079 2 6
3079 3 6
3080 1 7
3081 3 6
3081 8 10
3082 1 6
3083 4 5
3083 9 3
3084 2 10
3084 9 8
3085 5 4
3085 6 3
3086 1 8
3086 3 2
3087 6 5
3088 6 4
3088 4 5
3089 7 6
3089 3 4
3090 2 7
3091 9 10
3091 2 4
3092 10 5
3093 4 1
3094 2 4
3094 9 5
3095 8 5
3096 10 3
3096 6 4
3097 6 2
3097 4 5
3098 2 9
3098 7 3
3099 8 4
3100 4 10
3101 4 8
3101 7 3
3102 6 9
3102 5 10
3103 2 8
3103 4 6
3104 8 3
3105 7 5
3105 8 4
3106 6 8
3106 1 6
3107 1 3
3108 8 1
3109 1 2
3109 3 6
3110 4 9
3110 9 10
3111 8 9
3112 3 7
3113 10 5
3113 9 4
3114 9 10
3114 10 3
3115 7 8
3115 4 5
3116 4 5
3116 6 8
3117 2 8
3118 9 1
3118 4 3
3119 8 3
3120 5 7
3120 1 6
3121 9 4
3121 10 1
3122 6 8
3123 9 3
3124 4 5
3124 7 3
3125 6 8
3125 2 8
3126 2 3
3126 6 3
3127 6 8
3128 9 3
3129 1 2
3130 5 9
3131 3 9
3132 4 6
3132 2 1
3133 2 5
3133 10 8
3134 2 8
3134 8 1
3135 1 9
3135 3 10
3136 2 10
3136 3 2
3137 9 10
3137 6 9
3138 8 10
3138 10 8
3139 5 8
3140 4 9
3140 3 2
3141 4 8
3141 6 3
3142 2 5
3143 3 1
3144 2 3
3145 10 5
3145 8 1
3146 10 7
3147 10 4
3148 9 8
3148 6 5
3149 9 1
3149 3 8
3150 1 8
3150 10 7
3151 9 10
3152 1 3
3153 5 2
3154 4 8
3154 2 10
3155 6 1
3156 3 2
3157 10 8
3158 3 2
3158 4 6
3159 9 1
3159 9 5
3160 2 4
3160 3 4
3161 5 6
3161 6 9
3162 1 3
3162 5 6
3163 1 2
3164 5 6
3165 1 8
3166 8 3
3166 9 7
3167 9 5
3168 6 1
3168 9 4
3169 10 6
3169 8 1
3170 2 4
3170 5 9
3171 6 2
3171 8 9
3172 2 7
3172 1 3
3173 1 2
3174 10 3
3175 7 2
3176 8 6
3176 8 10
3177 5 8
3177 8 4
3178 4 7
3179 10 8
3180 4 10
3181 3 10
3182 1 8
3183 2 9
3183 1 8
3184 5 6
3184 1 8
3185 1 8
3185 2 6
3186 6 7
3187 1 4
3188 7 3
3188 3 4
3189 1 4
3189 9 5
3190 1 7
3190 5 7
3191 2 5
3191 6 9
3192 2 3
3193 1 8
3193 4 9
3194 2 5
3195 5 4
3196 7 3
3196 2 7
3197 7 9
3197 3 5
3198 3 4
3199 8 10
3200 9 1
3201 7 4
3201 7 1
3202 7 5
3203 2 7
3204 7 5
3204 8 3
3205 8 5
3206 3 5
3206 10 1
3207 5 1
3207 10 6
3208 2 9
3209 3 5
3209 3 4
3210 4 9
3210 9 1
3211 9 1
3211 3 5
3212 6 9
3212 6 1
3213 10 4
3213 9 6
3214 7 1
3215 2 8
3215 9 4
3216 2 5
3217 6 10
3218 3 5
3218 9 8
3219 1 8
3220 3 9
3221 2 7
3222 8 3
3223 5 6
3224 2 7
3225 1 10
3225 9 7
3226 6 8
3227 3 10
3227 4 2
3228 5 8
3228 1 3
3229 3 7
3229 5 1
3230 1 6
3230 3 4
3231 7 3
3231 4 2
3232 1 4
3232 4 8
3233 8 2
3233 5 2
3234 1 6
3234 1 10
3235 3 9
3235 4 6
3236 8 4
3237 2 3
3237 4 7
3238 3 6
3238 6 2
3239 1 2
3239 6 9
3240 6 9
3241 2 1
3241 10 9
3242 10 3
3243 6 7
3243 3 7
3244 1 4
3244 5 2
3245 4 5
3245 2 3
3246 9 3
3246 1 6
3247 3 4
3248 4 6
3248 9 4
3249 7 1
3250 1 2
3251 1 7
3252 4 9
3252 1 4
3253 7 5
3253 7 1
3254 1 4
3255 9 8
3255 7 6
3256 6 10
3257 8 10
3258 7 2
3258 2 9
3259 9 1
3260 9 3
3260 6 8
3261 9 1
3261 10 5
3262 5 7
3263 5 2
3263 5 8
3264 10 1
3265 10 4
3266 2 3
3266 5 8
3267 8 4
3267 4 3
3268 3 2
3269 10 8
3270 10 8
3271 2 4
3271 8 4
3272 6 9
3272 2 1
3273 9 3
3273 7 8
3274 2 8
3275 3 2
3276 6 5
3277 9 6
3277 6 9
3278 4 6
3279 10 7
3279 4 2
3280 3 5
3280 9 6
3281 2 5
3281 10 6
3282 1 8
3283 1 3
3283 5 4
3284 8 5
3284 6 7
3285 9 1
3286 7 8
3287 5 7
3287 8 4
3288 4 9
3288 7 8
3289 6 8
3289 6 2
3290 6 1
3291 1 9
3291 3 5
3292 2 9
3293 8 2
3293 7 10
3294 4 7
3294 3 6
3295 4 6
3296 7 3
3296 8 7
3297 1 3
3298 3 7
3298 9 5
3299 9 5
3300 8 5
3301 4 1
3301 4 7
3302 9 7
3303 5 4
3304 10 6
3305 2 3
3305 9 7
3306 9 1
3307 7 2
3307 7 10
3308 9 1
3308 10 3
3309 5 2
3310 5 10
3310 5 3
3311 5 3
3311 5 9
3312 1 8
3312 2 4
3313 7 5
3314 2 6
3314 9 7
3315 7 5
3315 9 3
3316 1 6
3317 10 1
3317 9 6
3318 6 8
3318 9 5
3319 5 1
3319 9 7
3320 3 2
3320 8 5
3321 8 6
3321 8 4
3322 1 4
3322 8 6
3323 5 1
3323 1 6
3324 1 2
3324 3 2
3325 7 10
3326 7 8
3327 6 10
3327 5 4
3328 5 1
3329 2 3
3329 3 4
3330 5 10
3331 1 4
3331 2 7
3332 7 1
3332 9 10
3333 3 6
3333 8 3
3334 5 3
3334 9 1
3335 4 8
3335 6 1
3336 2 9
3337 6 3
3338 8 4
3338 10 4
3339 8 2
3339 9 10
3340 1 9
3341 9 1
3342 3 4
3342 8 1
3343 3 4
3343 4 10
3344 9 6
3344 2 6
3345 4 3
3346 3 8
3347 8 3
3347 3 8
3348 6 10
3348 5 8
3349 3 7
3349 7 4
3350 7 5
3350 9 1
3351 1 9
3352 7 2
3353 6 1
3353 4 10
3354 6 4
3354 7 2
3355 6 1
3356 9 6
3356 5 9
3357 6 3
3357 9 6
3358 2 9
3359 3 8
3359 3 1
3360 6 3
3360 10 8
3361 5 9
3361 3 6
3362 5 4
3363 6 7
3363 3 2
3364 3 5
3364 9 3
3365 2 9
3365 9 8
3366 1 10
3367 8 7
3367 9 5
3368 1 7
3369 8 6
3370 2 1
3370 8 3
3371 7 5
3371 8 1
3372 7 5
3373 5 7
3373 7 3
3374 6 9
3374 7 10
3375 5 6
3375 1 9
3376 7 3
3376 9 8
3377 1 5
3378 9 4
3378 9 10
3379 7 5
3380 5 10
3380 2 9
3381 2 8
3381 4 5
3382 1 6
3382 1 5
3383 8 10
3384 6 1
3384 9 1
3385 1 6
3386 2 4
3386 6 2
3387 10 1
3388 7 3
3389 5 8
3389 6 9
3390 5 8
3391 3 6
3391 9 5
3392 10 2
3392 10 2
3393 7 3
3393 6 5
3394 4 8
3394 5 2
3395 7 4
3395 5 7
3396 5 6
3397 8 10
3397 9 7
3398 2 3
3399 9 1
3399 4 8
3400 2 5
3400 10 8
3401 9 5
3402 5 10
3403 9 3
3403 1 2
3404 8 1
3404 9 6
3405 1 9
3405 5 7
3406 9 4
3407 9 8
3407 8 3
3408 1 4
3409 2 6
3409 3 7
3410 9 1
3410 6 3
3411 10 7
3412 1 6
3412 1 5
3413 4 7
3414 2 7
3414 6 3
3415 4 7
3415 5 6
3416 6 2
3417 7 4
3417 8 3
3418 6 5
3419 3 7
3419 3 8
3420 1 10
3420 5 2
3421 1 7
3422 8 10
3422 9 3
3423 1 4
3423 4 10
3424 7 10
3425 4 10
3425 10 8
3426 4 8
3426 8 1
3427 7 3
3427 5 2
3428 4 8
3429 10 2
3429 2 5
3430 6 8
3430 2 5
3431 3 4
3432 4 6
3432 10 4
3433 5 10
3433 9 2
3434 9 10
3435 5 4
3435 6 9
3436 5 10
3437 6 10
3438 5 1
3439 5 10
3439 8 4
3440 4 7
3440 3 7
3441 8 9
3441 4 6
3442 2 3
3442 3 9
3443 6 3
3443 2 10
3444 6 3
3444 9 8
3445 4 9
3445 2 4
3446 4 2
3447 3 5
3447 5 9
3448 4 10
3448 5 4
3449 4 7
3450 10 4
3451 9 4
3451 2 10
3452 6 10
3453 4 3
3454 1 8
3454 5 2
3455 9 6
3456 2 9
3456 9 5
3457 9 3
3458 7 2
3459 5 10
3460 4 1
3460 8 5
3461 4 10
3462 3 10
3463 6 10
3464 8 9
3465 5 8
3466 4 9
3467 6 10
3468 3 8
3468 10 3
3469 7 3
3470 7 2
3471 4 5
3471 9 6
3472 2 9
3472 4 7
3473 9 1
3474 8 7
3474 8 1
3475 4 5
3475 7 4
3476 9 6
3476 3 8
3477 8 4
3478 9 8
3479 9 4
3480 2 5
3481 2 4
3482 9 8
3483 3 10
3483 6 5
3484 1 4
3485 4 10
3486 4 1
3487 8 5
3487 8 4
3488 6 1
3488 2 10
3489 10 5
3490 4 10
3491 3 8
3491 10 6
3492 7 4
3493 5 7
3493 5 2
3494 2 9
3495 5 9
3495 2 3
3496 10 7
3496 5 8
3497 3 7
3498 4 2
3498 3 10
3499 1 2
3500 6 2
3501 6 3
3501 7 1
3502 5 2
3502 9 2
3503 10 3
3503 6 8
3504 4 2
3504 9 2
3505 1 4
3505 6 3
3506 6 3
3506 7 10
3507 5 3
3508 7 4
3508 7 8
3509 9 7
3509 8 6
3510 5 7
3511 8 7
3512 2 5
3512 3 6
3513 8 6
3514 10 8
3515 5 4
3516 10 7
3516 10 7
3517 7 2
3518 5 6
3518 10 5
3519 10 7
3520 2 8
3520 2 3
3521 7 6
3521 2 3
3522 3 8
3522 7 5
3523 4 7
3523 8 3
3524 5 1
3524 5 10
3525 9 2
3526 5 2
3527 2 8
3528 8 2
3529 7 8
3529 6 10
3530 5 2
3530 8 10
3531 4 6
3532 7 6
3533 3 10
3534 1 3
3535 7 2
3536 2 9
3536 2 3
3537 5 1
3537 6 1
3538 1 6
3538 5 2
3539 8 6
3540 4 6
3541 1 2
3542 1 3
3542 1 4
3543 7 9
3544 3 10
3544 8 3
3545 8 9
3545 8 4
3546 6 4
3547 8 2
3547 4 3
3548 10 4
3548 8 9
3549 1 2
3549 10 3
3550 5 3
3551 4 1
3552 10 1
3553 3 6
3554 9 6
3555 9 1
3556 1 7
3557 8 5
3557 3 2
3558 7 5
3559 2 1
3560 8 1
3561 9 5
3562 6 5
3563 8 6
3563 5 8
3564 1 5
3564 2 9
3565 9 7
3565 6 4
3566 1 4
3566 5 3
3567 9 5
3567 1 5
3568 7 6
3568 6 4
3569 5 8
3569 10 9
3570 9 5
3570 3 1
3571 9 7
3572 3 9
3572 2 9
3573 7 1
3574 6 2
3575 10 2
3575 2 8
3576 1 3
3576 3 6
3577 9 5
3577 7 10
3578 7 10
3579 1 6
3580 8 10
3580 10 7
3581 4 10
3581 6 2
3582 3 6
3582 2 5
3583 1 5
3583 1 4
3584 8 9
3585 7 6
3586 9 5
3587 4 8
3587 2 8
3588 3 5
3588 3 9
3589 9 5
3589 8 1
3590 3 6
3590 5 9
3591 2 10
3591 6 4
3592 7 2
3592 4 8
3593 5 3
3593 4 7
3594 7 6
3594 1 6
3595 9 7
3595 5 8
3596 5 4
3596 9 8
3597 7 8
3597 9 7
3598 5 6
3598 6 7
3599 3 5
